african_great_lakes={
	location=4064
	color={
		57 168 220 
	}
	inland=yes
	outgoing={
		name="zanzibar"
		path={
			1273 1202 
		}
		control={
			3161.000000 1018.000000 3221.000000 990.000000 3260.000000 932.000000 
		}
	}
	outgoing={
		name="kongo"
		path={
			4063 4070 4099 
		}
		control={
			3124.000000 973.000000 3084.000000 953.000000 3080.000000 917.000000 
		}
	}
	members={
		1273 1649 1798 1799 1925 4053 4054 4055 4056 4057 4058 4059 4060 4061 4062 4063 4064 4065 4066 4067 4068 4069 4070 4071 4072 4073 4074 4075 4076 4077 
	}
}
kongo={
	location=4097
	color={
		171 148 148 
	}
	inland=yes
	outgoing={
		name="ivory_coast"
		path={
			1170 1464 
		}
		control={
			3002.000000 944.000000 2951.000000 945.000000 2895.000000 963.000000 2831.000000 924.000000 2770.000000 965.000000 2761.000000 1053.000000 2683.000000 1069.000000 
		}
	}
	outgoing={
		name="zambezi"
		path={
			4046 1191 1187 
		}
		control={
			3085.000000 889.000000 3120.000000 860.000000 3147.000000 823.000000 3116.000000 768.000000 3154.000000 764.000000 
		}
	}
	members={
		798 1169 1170 1901 2948 2949 4081 4082 4083 4084 4085 4086 4087 4088 4089 4090 4091 4092 4093 4094 4095 4096 4107 4098 4100 4101 4102 4103 4097 4099 4105 4109 
	}
}
zambezi={
	location=1191
	color={
		32 164 51 
	}
	inland=yes
	outgoing={
		name="zanzibar"
		path={
			1192 1195 1196 
		}
		control={
			3209.000000 718.000000 3264.000000 737.000000 3282.000000 775.000000 3281.000000 831.000000 
		}
	}
	members={
		1184 1185 1187 1188 1189 1190 1191 2950 2951 2952 4034 4035 4036 4037 4038 4039 4040 4041 4042 4043 4044 4045 4046 4047 4048 4050 4104 4106 4108 
	}
}
patagonia={
	location=2868
	outgoing={
		name="laplata"
		path={
			1537 1536 
		}
		control={
			1641.000000 324.000000 1717.000000 353.000000 
		}
	}
	members={
		2868 2876 2869 786 2873 2874 780 781 782 783 2870 2875 2863 784 787 2862 785 2867 2871 2872 
	}
}
amazonas_node={
	location=2935
	outgoing={
		name="brazil"
		path={
			1529 1530 1531 
		}
		control={
			1846.000000 978.000000 1876.000000 985.000000 1891.000000 1001.000000 1977.000000 987.000000 2099.000000 923.000000 
		}
	}
	outgoing={
		name="carribean_trade"
		path={
			1529 1528 1576 1522 1520 1519 1517 1516 
		}
		control={
			1858.000000 1024.000000 1845.000000 1094.000000 1745.000000 1131.000000 1691.000000 1189.000000 1665.000000 1188.000000 1601.000000 1199.000000 1489.000000 1229.000000 
		}
	}
	members={
		1802 1803 2909 2910 2911 2929 2930 2931 2933 2934 2935 2889 2937 2938 2804 2811 742 744 2810 747 748 749 2890 2923 2924 2926 2927 2928 745 746 2936 834 502 743 2803 752 2886 2925 4617 8351 8352 8353 8354 8355 8356 8357 8358 8359 8360 8361 9086 9087 9088 9089 9090 9091 9092 9528 9529 9530 9531 9532 9533 9534 9535 9536 9537 9538 9539 
	}
}
rio_grande={
	location=2499
	outgoing={
		name="mississippi_river"
		path={
			1508 1507 
		}
		control={
			1169.000000 1464.000000 
		}
	}
	outgoing={
		name="mexico"
		path={
			1508 1509 2647 2646 
		}
		control={
			1130.000000 1418.000000 1127.000000 1342.000000 1089.000000 1315.000000 1097.000000 1276.000000 
		}
	}
	members={
		863 864 2492 2498 2618 861 2614 2619 2666 2667 858 2499 2668 880 881 2495 878 2494 882 885 2496 2497 883 886 2500 884 887 888 2665 2669 4606 4627 4629 4628 4644 4630 4631 4632 7714 7715 7716 7717 7718 7719 7720 7721 7722 7723 7724 7725 7726 7727 7728 7729 7730 7731 7732 7733 7734 7735 7785 7786 7787 7788 7789 7790 7791 7792 7793 7794 7795 7796 7797 7798 7799 7800 7801 7802 7803 7804 7805 7806 7807 7808 7809 7810 7811 7812 7813 7814 7815 7816 7817 7818 7819 7820 7821 7822 7823 7824 7825 7826 7827 7828 7829 7830 7831 7832 7833 7834 7835 7836 7837 7838 7839 7840 7841 7842 7843 7844 7845 7846 7847 7848 7849 7850 7851 7852 7853 7854 7855 7856 7857 7858 7859 7860 7861 7862 7863 7864 7865 7866 7867 7868 7869 7870 7871 7872 7873 7874 7875 7876 7877 7878 7879 7880 7881 7882 7883 7884 7885 7886 7887 7888 7889 7890 7891 7892 7893 7894 7895 7896 7897 7898 7899 7900 7901 7902 7903 7904 7905 7906 7907 7908 7909 7910 7911 7912 7913 7914 7915 7916 7917 7918 7919 7920
4646 8691 8692 8693 8694 8695 8696 8697 8698 8699 8700 8701 8702 8703 8704 8705 8706 8707 8708 8709 8710 8711 8712 8713 8714 8715 8716 8717 8718 8719 8720 8721 8722 8723 8724 8725 8726 8727 8728 8729 8730 8731 8732 8733 8734 8735 8736 8737 8738 8739 8740 8741 8742 8743 8744 8745 8746 8747 8748 8749 8750 8751 8752 8753 8754 8755 8756 8757 8758 8759 8760 8761 8762 8763 8764 8765 8766 8767 8768 8769 8770 8771 8772 8773 8774 8775 8776 8777 8778 8779 8780 8781 8782 8783 8784 8785 8786 8787 8788 8789 8790 8791 8792 8793 8794 8795 8796 8797 8798 8799 8800 8801 8802 8803
	}
}
california={
	location=2021
	outgoing={
		name="mexico"
		path={
			1556 1555 1554 1552 1551 
		}
		control={
			712.000000 1611.000000 753.000000 1528.000000 880.299988 1372.900024 959.590027 1311.500000 
		}
	}
	outgoing={
		name="mississippi_river"
		path={
			872 873 2019 2020 2006 2008 903 902 900 895 2014 893 1507 
		}
		control={
			692.000000 1642.000000 680.000000 1719.000000 692.000000 1769.000000 749.000000 1760.000000 794.000000 1775.000000 815.000000 1755.000000 811.000000 1727.000000 862.000000 1708.000000 893.000000 1735.000000 908.000000 1764.000000 931.000000 1761.000000 948.000000 1767.000000 986.000000 1781.000000 1028.000000 1803.000000 1063.000000 1772.000000 1067.000000 1737.000000 1099.000000 1708.000000 1123.000000 1702.000000 1150.000000 1643.000000 1175.000000 1639.000000 1236.000000 1607.000000 1208.000000 1557.000000 1195.000000 1504.000000 1225.000000 1474.000000 
		}
	}
	outgoing={
		name="girin"
		path={
			1557 1684 1686 1685 1683 1668 1669 1440 1387 1980 1850 2106 2108 730 
		}
		control={
			646.000000 1635.000000 445.000000 1694.000000 264.000000 1736.000000 71.000000 1762.000000 5490.000000 1767.000000 5087.000000 1708.000000 4893.000000 1671.000000 4840.000000 1687.000000 4767.000000 1669.000000 4715.000000 1689.000000 4704.000000 1715.000000 4696.000000 1740.000000 4668.000000 1746.000000 4643.000000 1728.000000 
		}
	}
	members={
		855 859 862 877 2616 865 866 2620 868 871 869 2021 2476 867 875 876 879 2491 2493 870 2477 2478 2479 2480 872 2481 2482 2483 873 2486 2487 2488 2019 2020 2489 2490 874 2484 2485 2003 2604 2605 2606 2607 972 973 974 2610 975 2022 2609 976 977 2613 978 979 2611 2612 1240 1997 1808 4648 4650 4633 4577 4639 4635 4636 4637 4638 4634 4649 4647 860 4651 4652 4653 4654 4655 4656 4657 4658 4659 4660 4661 4662 4663 4664 1913 7516 7517 7518 7519 7520 7521 7522 7523 7524 7525 7526 7527 7528 7529 7530 7531 7532 7533 7534 7535 7536 7537 7538 7539 7540 7541 7542 7543 7544 7545 7546 7547 7548 7549 7550 7551 7552 7553 7554 7555 7556 7557 7558 7559 1810
4665 4666 4668 4669 4670 1814 7560 7561 7562 7563 7564 7565 7566 7567 7568 7569 7570 7571 7572 7573 7574 7575 7576 7577 7578 7579 7580 7581 7582 7583 7584 7585 7586 7587 7588 7589 7590 7591 7592 7593 7594 7595 7596 7597 7598 7599 7600 7601 7602 7603 7604 7605 7606 7607 7608 7609
7610 7611 7612 7613 7614 7615 7616 7617 7618 7619 7620 7621 7622 7623 7624 7625 7626 7627 7628 7629 7630 7631 7632 7633 7634 7635 7636 7637 7638 7639 7640 7641 7642 7643 7644 7645 7646 7647 7648 7649 7650 7651 7652 7653 7654 7655 7656 7657 7658 7659 7660 7661 7662 7663 7664 7665 7666 7667 7668 7669 7670 7671 7672 7673 7674 7675 7676 7677 7678 7679 7680 7681 7682 7683 7684 7685 7686 7687 7688 7689 7690 7691 7692 7693
7694 7695 7696 7697 7698 7699 7700 7701 7702 7703 7704 7705 7706 7707 7708 7709 7710 7711 7712 7713 7921 7922 7923 7924 7925 7926 7927 7928 7929
7930 7931 7932 7933 7934 7935 7936 7937 7938 7939 7940 7941 7942 7943 7944 7945 7946 7947 8603 8604 8605 8606 8607 8608 8609 8610 8611 8612 8613 8614 8615 8616 8617 8618 8619 8620 8621 8622 8623 8624 8625 8626 8627 8628 8629 8630 8631 8632 8633 8634 8635 8636 8637 8638 8639 8640
8641 8642 8643 8644 8645 8646 8647 8648 8649 8650 8651 8652 8653 8654 8655 8656 8657 8658 8659 8660 8661 8662 8663 8664 8665 8666 8667 8668 8669 8670 8671 8672 8673 8674 8675 8676 8677 8678 8679 8680 8681 8682 8683 8684 8685 8686 8687 8688 8689 8690
	}
}
girin={
	location=730
	color={
		41 82 45 
	}
	outgoing={
		name="siberia"
		path={
			2109 722 721 1057 1060 1062 1064 
		}
		control={
			4616.000000 1744.000000 4577.000000 1783.000000 4599.000000 1827.000000 4614.000000 1867.000000 4567.000000 1902.000000 4511.000000 1902.000000 4472.000000 1875.000000 4412.000000 1868.000000 4339.000000 1874.000000 4252.000000 1874.000000 4234.000000 1954.000000 4225.000000 2014.000000 
		}
	}
	outgoing={
		name="beijing"
		path={
			2110 726 704 1816 
		}
		control={
			4595.000000 1719.000000 4564.000000 1692.000000 4534.000000 1664.000000 
		}
	}
	outgoing={
		name="nippon"
		path={
			732 1377 1376 
		}
		control={
			4641.000000 1722.000000 4668.000000 1741.000000 4697.000000 1728.000000 4693.000000 1640.000000 
		}
	}
	members={
		1850 1049 2107 2108 2111 2106 2186 1058 2102 2104 1053 2103 1034 1035 1036 1037 1038 1039 1040 1041 1042 1043 1044 1046 1047 1052 2438 2439 2440 2446 2742 2743 2744 1055 1056 1057 730 2110 2188 4201 1033 1048 1050 4214 4216 729 731 2105 4215 4217 722 2109 2187 4202 4203 724 725 4218 727 728 2185 4200 5819 5820 5821 5822 5823 5824 5825 5826 5827 5828 5829 5830 5831 5832 5833 5834 5835 5836 5837 5838 5839 5840 5841 5842 5843 5844 5845 5846 5847 5848 5849 5850 5851 5852 5853 5854 5855 5856 5857 5858 5859 5860 5861 5862 5863 5864 5865 5866 5867 5868 5869 5870 5871 5872 5873 5874 5875 5876 5877 5878 5879 5880 5881 5882 5883 5884 5885 5886 5887 5888 5889 5890 5891 5892 5893 5894 5895 5896 5897 5898 5899 5900 5901 5902 5903 5904 5905 5906 5907 5908 5909 5910 5911 5912 5913 5914 5915 5916 5917 5918 5919 5920 5921 5922 5923 5935 5936 5937 5938 5939 5940 5941 5942 5943 5944 5945 5946 5947 5948 5949 5950 5951 5952 5953 5954 5955 5956 5957 5958 5959 5960 5961 5962 5963 5964 5965 5966
	}
}
mississippi_river={
	location=1507
	outgoing={
		name="carribean_trade"
		path={
			1506 1505 1525 1516 
		}
		control={
			1320.000000 1432.000000 1352.000000 1392.000000 1431.920044 1359.630005 1477.000000 1331.000000 
		}
	}
	outgoing={
		name="ohio"
		path={
			921 2528 939 
		}
		control={
			1206.000000 1502.000000 1221.000000 1559.000000 1250.000000 1604.000000 
		}
	}
	members={
		893 2014 2516 900 902 2513 2514 894 895 897 924 925 2531 2532 919 920 2528 2529 918 934 2527 899 2509 2515 889 890 2506 2507 2625 891 892 896 898 901 903 2508 2608 2672 921 922 923 2530 2533 905 906 907 2007 1809 2008 2009 2504 2505 904 908 2512 1507 6639 6640 6641 6642 6643 6644 6645 6646 6647 6648 6649 6650 6651 6652 6653 6654 6655 6656 6657 6658 6659 6660 6661 6662 6663 6664 6665 6666 6667 6668 6669
6670 6671 6672 6673 6674 6675 6676 6677 6678 6679 6680 6786 6787 6788 6789 6790 6791 6792 6793 6794 6795 6796 6797 6798 6799 6800 6801 6802 6803 6804 6805 6806 6807 6808 6809 6810 6811 6812 6813 6814 6815 6816 6817 6818 6819 6820 6821 6822 6823 6824 6825 6826 6827 6828 6829 6830
6831 6832 6833 6834 6835 6836 6837 6838 6839 6840 6841 6880 6881 6882 6883 6884 6885 6886 6887 6888 6889 6890 6891 6892 6893 6894 6895 6896 6897 6898 6899 6900 6901 6902 6903 6904 6905 6906 6907 6908 6909 6910 6911 6912 6913 6914 6915 6916 6917 6918 6919 6920 6921 6921 6922 6923 6924 6925 6926 6927 6928 6929 6930 6931 6932 6933 6934 6935 6936 6937 6938 6939 6940 6941 6942 6943 6944 6945 6946 6947 6948 6949 6950 6951 6952 6953 6954 6955 6956 6957 6958 6959 6960 6961 6962 6963 6964 6965 6966 6967 6968 6969 6970 6971 6972 6973 6974 6975 6976 6977 6978 6979 6980 6981 6982 6983 6984 6985 6986 6987 6988 6989 6990 6991 6992 6993 6994 6995 6996 6997 6998 6999 7000 7001 7002 7003 7004 7005 7006 7007 7008 7009 7010 7011 7012 7013 7014 7015 7016 7017 7018 7019 7020 7021 7022 7023 7024 7025 7026 7027 7028 7029 7030 7031 7032 7033 7034 7035
7036 7037 7038 7039 7040 7041 7042 7043 7044 7045 7046 7047 7048 7049 7050 7051 7052 7053 7054 7055 7056 7057 7058 7059 7060 7061 7062 7063 7064 7065 7066 7067 7068 7069 7070 7071 7072 7073 7074 7075 7076 7077 7078 7079 7080 7081 7082 7083 7084 7085 7086 7087 7088 7089 7090 7091 7092 7093 7094 7095 7096 7097 7098 7099 7100 7101 7102 7103 7104 7105 7106 7107 7108 7109 7110 7111 7112 7113 7114 7115 7116 7117 7118 7119
7120 7121 7122 7123 7124 7125 7126 7127 7128 7129 7130 7131 7132 7133 7134 7135 7136 7137 7138 7139 7140 7141 7142 7143 7144 7145 7146 7147 7148 7149 7150 7151 7152 7153 7154 7155 7156 7157 7158 7159 7160 7161 7162 7163 7164 7165 7166 7167 7168 7169 7170 7171 7172 7173 7174 7175
7176 7177 7178 7179 7180 7181 7182 7183 7184 7185 7186 7187 7188 7189 7190 7191 7192 7193 7194 7195 7196 7197 7198 7199 7200 7201 7202 7203 7204 7205 7206 7207 7208 7209 7210 7211 7212 7213 7214 7215 7216 7217 7218 7219 7220 7221 7222 7223 7224 7225 7226 7227 7228 7229 7230 7231 7232 7233 7234 7235 7236 7237 7238 7239 7240 7241 7242 7243 7244 7245 7246 7247 7248 7249 7250 7251 7252 7253 7254 7255 7256 7257 7258 7259 7260 7261 7262 7263 7264 7265 7266 7267 7268 7269 7270 7271 7272 7273 7274 7275 7276 7277 7278 7279 7280 7281 7282 7283 7284 7351 7352 7353 7354 7355 7356 7357 7358 7359 7360 7361 7362 7363 7364 7365 7366 7367 7368 7369 7370 7371 7372 7373 7374 7375 7376 7377 7378 7379 7380 7381 7382 7383 7384 7385 7386 7387 7388 7389 7390 7391 7392 7393 7394 7395 7446 7447 7448 7449 7450 7451 7452 7453 7454 7455 7456 7457 7458 7459 7460 7461 7462 7463 7464 7465 7466 7467 7468 7469 7470 7471 7472 7473 7474 7475 7476 7477 7478 7479 7480 7481 7482 7483 7484 7485 7486 7487 7488 7489 7490 7491 7492 7493 7494 7495 7496 7497 7498 7499 7500 7501 7502 7503 7504 7505 7506 7507 7508 7509 7510 7511 7512 7513 7514 7515
7736 7737 7738 7739 7740 7741 7742 7743 7744 7745 7746 7747 7748 7749 7750 7751 7752 7753 7754 7755 7756 7757 7758 7759 7760 7761 7762 7763 7764 7765 7766 7767 7768 7769 7770 7771 7772 7773 7774 7775 7776 7777 7778 7779 7780 7781 7782 7783 7784
	}
}
ohio={
	location=2526
	color={
		129 214 238 
	}
	inland=yes
	outgoing={
		name="chesapeake_bay"
		path={
			948 2011 
		}
		control={
			1314.000000 1638.000000 1349.000000 1629.000000 1373.000000 1650.000000 1392.000000 1669.000000 1424.000000 1676.000000 1471.000000 1635.000000 
		}
	}
	outgoing={
		name="st_lawrence"
		path={
			946 991 
		}
		control={
			1313.000000 1663.000000 1336.000000 1687.000000 1396.000000 1707.000000 1402.000000 1721.000000 1430.000000 1726.000000 1485.000000 1754.000000 1515.000000 1773.000000 1540.000000 1790.000000 1563.000000 1814.000000 1595.000000 1827.000000 1626.000000 1830.000000 
		}
	}
	members={
		987 989 2585 2670 988 2586 2587 2671 991 1001 1007 2015 910 911 2517 2518 912 913 914 915 916 917 2519 2520 944 945 2521 2522 942 943 2523 2524 946 947 948 2525 954 2555 2556 2557 969 2559 2563 951 2526 2551 939 940 941 958 959 960 961 964 4726 4727 4728 4733 4734 4735 4736 4737 4738 4739 4740 4741 4742 4743 4744 4745 4746 4747 4748 4749 4750 4751 6014 6015 6016 6028 6029 6030 6031 6032 6033 6034 6035 6036 6037 6038 6039 6040 6041 6042 6043 6044 6045 6046 6047 6048 6083 6084 6085 6086 6087 6088 6089 6090 6091 6092 6093 6094 6095 6096 6097 6098 6099 6100 6101 6102 6103 6104 6105 6106 6187 6188 6189 6190 6191 6192 6193 6194 6195 6196 6197 6198 6199 6200 6201 6202 6203 6204 6205 6206 6207 6208 6209 6210 6211 6212 6213 6214 6215 6216 6217 6218 6219 6220 6221 6222 6223 6224 6225 6226 6227 6228 6229 6230 6231 6232 6233 6234 6235 6236 6237 6238 6239 6240 6241 6242 6243 6244 6245 6246 6247 6248 6249 6250 6251 6252 6253 6254 6255 6256 6257 6258 6259 6260 6261 6262 6263 6264 6265 6266 6267 6268 6269 6270 6271 6272 6273 6274 6275 6276 6277 6278 6279 6280 6281 6282 6283 6284 6285 6286 6287 6288 6289 6290 6291 6292 6293 6294 6295 6296 6297 6298 6299 6300 6301 6302 6303 6304 6305 6306 6307 6308 6309 6310 6311 6312 6313 6314 6315 6316 6317 6318 6319 6320 6321 6322 6323 6324 6325 6326 6327 6328 6329 6330 6331 6332 6333 6334 6335 6336 6337 6338 6339 6340 6341 6342 6343 6344 6345 6346 6347 6348 6349 6350 6351 6352 6353
6354 6355 6356 6357 6358 6359 6360 6361 6362 6363 6364 6365 6366 6367 6368 6369 6370 6371 6372 6373 6374 6375
6376 6377 6378 6379 6380 6381 6382 6383 6384 6385 6386 6387 6388 6389 6390 6391 6392 6393 6394 6395 6396 6397 6398 6399 6400 6401 6402 6403 6404 6405 6406 6407 6408 6409 6410 6411 6412 6413 6414 6415 6416 6417 6418 6419 6420 6421 6422 6423 6424 6425 6426 6427 6428 6429 6430 6431 6432 6433 6434 6435 6436 6437 6438 6439 6440 6441 6442 6443 6444 6445 6446 6447 6448 6449 6450 6451 6452 6453 6454 6455 6456 6457 6458 6459 6460 6461 6462 6463 6464 6465 6466 6467
6468 6469 6470 6471 6472 6473 6474 6475 6476 6477 6478 6479 6480 6481 6482 6483 6484 6485 6486 6487 6488 6489 6490
6491 6492 6493 6494 6495 6496 6497 6498 6499 6500 6501 6502 6503 6504 6505 6506 6507 6508 6509 6510 6511 6512 6513 6514 6515 6516 6517 6518 6519 6520 6521 6522 6523 6524 6525 6526 6527 6528 6529 6530 6531 6532 6533 6534 7285 7286 7287 7288 7289 7290 7291 7292 7293 7294 7295 7296 7297
	}
}
mexico={
	location=1551
	color={
		0 176 0 
	}
	outgoing={
		name="carribean_trade"
		path={
			847 848 1510 1511 1512 1518 1516 
		}
		control={
			1149.000000 1252.000000 1158.000000 1301.000000 1207.000000 1354.000000 1248.000000 1367.000000 1313.000000 1342.000000 1383.000000 1329.000000 
		}
	}
	outgoing={
		name="panama"
		path={
			1550 1549 1548 835 
		}
		control={
			1115.000000 1232.000000 1220.000000 1202.000000 1290.000000 1138.000000 1376.000000 1111.000000 
		}
	}
	outgoing={
		name="nippon"
		path={
			1552 1554 1694 1693 1692 1601 1670 1669 1440 1391 1390 1376 
		}
		control={
			773.000000 1298.000000 403.000000 1303.000000 59.000000 1306.000000 5178.000000 1431.000000 4862.000000 1457.000000 4756.000000 1487.000000 4708.000000 1526.000000 4699.000000 1548.000000 4679.000000 1555.000000 
		}
	}
	members={
		1551 854 2617 2621 2657 851 2622 2623 2624 2643 849 2627 2645 2648 850 852 2626 2628 2644 848 2630 2631 2641 2647 844 847 2629 2646 2632 2635 2638 2649 841 842 843 2636 2653 845 2633 2650 2651 846 2634 2652 853 856 857 2615 2642 4589 4594 4587 4586 4585 4588 4591 4590 4584 4582 4598 4583 4581 4571 4570 4572 4641 4573 4575 4580 4574 4579 4576 4640 4642 4643 4645 4578 839 8804 8805 8806 8807 8808 8809 8810 8811 8812 8813 8814 8815 8816 8817 8818 8819 8820 8821 8822 8823 8824 8825 8826 8827 8828 8829 8830 8831 8832 8833 8834 8835 8836 8837 8838 8839 8840 8841 8842 8843 8844 8845 8846 8847 8848 8849 8850 8851 8852 8853 8854 8855 8856 8857 8858 8859 8860 8861 8862 8863 8864
8865 8866 8867 8868 8869 8870 8871 8872 8873 8874 8875 8876 8877 8878 8879 8880 8881 8882 8883 8884 8885 8886 8887 8888 8889 8890 8891 8892
8893 8894 8895 8896 8897 8898 8899 8900 8901 8902 8903 8904 8905 8906 8907 8908 8909 8910 8911 8912 8913 8914 8915 8916 8917 8918 8919 8920
8921 8922 8923 8924 8925 8926 8927 8928 8929 8930 8931 8932 8933 8934 8935 8936 8937 8938 8939 8940 8941 8942 8943 8944 8945 8946 8947 8948 8949 8950 8951 8952 8953 8954 8955 8956 8957 8958 8959 8960 8961 8962 8963 8964 8965 8966 8967 8968 8969 8970 8971 8972 8973 8974 8975 8976 8977 8978 8979 8980 8981 8982 8983 8984 8985 8986 8987 8988 8989 8990 8991 8992 8993 8994 8995 8996 8997 8998 8999 9000 9001 9002 9003 9004 9005 9006 9007 9008 9009 9010 9011 9012 9013 9014 9015 9016 9017 9018 9019 9020 9021 9022 9023 9024 9025 9026 9027 9028 9029 9030 9031 9032 9033 9034 9035 9036 9037 9038 9039 9040 9041 9042 9043 9044 9045 9046 9047 9048 9049 9050 9051 9052 9053 9054 9055 9056 9057 9058 9059 9060
9061 9062 9063 9064 9065 9066 9067 9068 9069 9070 9071 9072 9073 9074 9075 9076 9077 9078 9079 9080 9081 9082 9083 9084 9085 9505 9506 9507 9508 9509 9510 9511 9512 9513 9514 9515 9516 9517 9518 9519 9520 9521 9522 9523 9524 9525 9526 9527 9765 9766 9767 9768
9769 9770 9771 9772 9773 9774 9775 9776 9777 9778 9779 9780 9781
	}
}
lhasa={
	location=677
	inland=yes
	outgoing={
		name="lahore"
		path={
			2129 2128 2074 508 
		}
		control={
			3969.000000 1474.000000 3882.000000 1515.000000 3830.000000 1506.000000 
		}
	}
	outgoing={
		name="chengdu"
		path={
			2132 2167 675 679 
		}
		control={
			4102.000000 1474.000000 4155.000000 1494.000000 4222.000000 1490.000000 
		}
	}
	outgoing={
		name="ganges_delta"
		path={
			562 4479 
		}
		control={
			4036.000000 1461.000000 4020.000000 1442.000000 4036.000000 1413.000000 4045.000000 1383.000000 4061.000000 1353.000000 
		}
	}
	members={
		2129 2128 676 554 705 706 2134 4204 677 2130 4205 565 4481 4482 557 2070 2071 4483 4485 4514 4515 4516 4517 4518 4519 4520 
	}
}
chengdu={
	location=679
	inland=yes
	outgoing={
		name="canton"
		path={
			680 673 2163 2165 665 667 1371 
		}
		control={
			4309.000000 1475.000000 4353.000000 1500.000000 4394.000000 1476.000000 4403.000000 1440.000000 4404.000000 1412.000000 4410.000000 1395.000000 4398.000000 1371.000000 
		}
	}
	outgoing={
		name="xian"
		path={
			2169 689 700 
		}
		control={
			4307.000000 1514.000000 4341.000000 1536.000000 
		}
	}
	outgoing={
		name="burma"
		path={
			675 2167 2166 583 2400 
		}
		control={
			4241.000000 1463.000000 4230.000000 1430.000000 4188.000000 1416.000000 4160.000000 1403.000000 4134.000000 1376.000000 
		}
	}
	members={
		679 2132 2167 678 2135 2131 2133 660 661 2165 2166 680 679 680 4212 2169 2170 4211 675 2168 2748 4213 
	}
}
canton={
	location=1371
	outgoing={
		name="malacca"
		path={
			1394 1367 1362 1361 
		}
		control={
			4389.000000 1288.000000 4388.000000 1145.000000 4324.000000 1049.000000 4289.680176 1020.320007 
		}
	}
	outgoing={
		name="hangzhou"
		path={
			1372 1824 684 
		}
		control={
			4481.000000 1367.000000 4540.000000 1433.000000 4556.000000 1481.000000 
		}
	}
	outgoing={
		name="philippines"
		path={
			1394 1397 
		}
		control={
			4493.000000 1261.000000 4521.000000 1222.000000 4535.000000 1218.000000 4542.000000 1212.000000 4561.000000 1206.000000 4571.000000 1206.000000 
		}
	}
	members={
		2161 1371 610 613 616 664 665 666 667 668 672 738 1016 1840 2154 2155 2156 2157 2158 2159 2160 2162 2163 2164 2173 2174 2372 671 2373 662 663 673 674 4199 10285 10286 10287 10288 10289 10290 10291 10292 10293 10294 10295 10296 10297 10298 10299 10300 10301 10302 10303 10304 10305 10306 10307 10308 
	}
}
australia={
	location=1411
	outgoing={
		name="the_moluccas"
		path={
			1411 1407 1410 1409 1401 1357 
		}
		control={
			5037.000000 644.000000 4963.000000 723.000000 4884.000000 845.000000 4786.000000 855.000000 4690.000000 908.000000 4617.000000 897.000000 
		}
	}
	members={
		1085 1086 1087 1088 1089 1090 1091 1092 1093 1106 1107 1108 1109 1236 1237 1242 1243 1246 1239 1238 1790 1791 1094 1084 1412 1986 2719 2720 2721 2722 2726 2727 2728 2729 2730 2731 2732 2733 2734 2735 2736 2737 2738 2739 1244 1987 1988 1411 7948 7949 7950 7951 7952 7953 7954 7955 7956 7957 7958 7959 7960 7961 7962 7963 7964 7965 7966 7967 7968 7969 7970 7971 7972 7973 7974 7975 7976 7977 7978 7979 7980 7981 7982 7983 7984 7985 7986 7987 7988 7989 7990 7991 7992 7993 7994 7995 7996 7997 7998 7999 8000 8001 8002 8003 8004 8005 8006 8007 8008 8009 8010 8011 8012 8013 8014 8015 8016 8017 8018 8019 8020 8021 8022 8023 8024 8025 8026 8027 8028 8029 8030 8031 8032 8033 8034 8035
8036 8037 8038 8039 8040 8041 8042 8043 8044 8045 8046 8047 8048 8049 8050 8051 8052 8053 8054 8055 8056 8057 8058 8059 8060 8061 8062 8063 8064 8065 8066 8067 8068 8069 8070 8071 8072 8073 8074 8075 8076 8077 8078 8079 8080 8081 8082 8083 8084 8085 8086 8087 8088 8089 8090 8091
8091 8092 8093 8094 8095 8096 8097 8098 8099 8100 8101 8102 8103 8104 8105 8106 8107 8108 8109 8110 8111 8112 8113 8114 8115 8116 8117 8118 8119 8120 8121 8122 8123 8124 8125 8126 8127 8128 8129 8130 8131 8132 8133 8134 8135 8136 8137 8138 8139 8140 8141 8142 8143 8144 8145 8146 8147 8148 8149 8150 8151 8152 8153 8154 8155 8156 8157 8158 8159 8160 8161 8162 8163 8164 8165 8166 8167 8168 8169 8170 8171 8172 8173 8174 8175 8176 8177 8178 8179 8180 8181 8182 8183 8184 8185 8186 8187 8188 8189 8190 8191 8192 8193 8194 8195 8196 8197 8198 8199 8200 8201 8202 8203 8204 8205 8206 8207 8208 8209 8210 8211 8212 8213 8214 8215 8216 8217 8218 8219 8220 8221 8222 8223 8224 8225 8226 8227 8228 8229 8230
8231 8232 8233 8234 8235 8236 8237 8238 8239 8240 8241 8242 8243 8244 8245 8246 8247 8248 8249 8250 8251 8252 8555 8556 8557 8558 8559 8560
8561 8562 8563 8564 8565 8566 8567 8568 8569 8570 8571 8572 8573 8574 8575 8576 8577 8578 8579 8580 8581 8582 8583 8584 8585 8586 8587 8588 8589 8590 8591 8592 8593 8594 8595 8596 8597 8598 8599 8600 8601 8602 9834 9835 9836 9837 9838 9839 9840 9841 9842 9843 9844 9845 9846 9847 9848 9849 9870 9871 9872 9873 9874 9875 9876 9877 9878 9879 9880 9881 9882 9883 9884 9885 10563 10564 10565 10566 10567 10568 10569 10570 10571 10572 10573 10574 10575 10576 10577 10578 10579 10580 
	}
}
nippon={
	location=1376
	outgoing={
		name="hangzhou"
		path={
			1389 1373 684 
		}
		control={
			4645.000000 1536.000000 4605.000000 1504.000000 
		}
	}
	members={
		1376 1012 1014 1017 1018 1019 1020 1021 1023 1024 1025 1026 1027 1028 1029 1030 1031 1032 1818 1819 1820 1825 1830 1832 1835 1837 1839 1843 1847 1852 4131 4180 4181 4182 4183 4184 4185 4186 4187 4188 4189 4190 4191 4192 4193 1015 4359 4360 1845 2744 4232 732 2742 2743 733 735 4230 4231 734 736 2694 2745 4227 737 1013 2741 4228 4229 5924 5925 
	}
}
hangzhou={
	location=684
	outgoing={
		name="xian"
		path={
			686 687 1836 700 
		}
		control={
			4479.000000 1502.000000 4431.000000 1546.000000 4398.000000 1560.000000 
		}
	}
	outgoing={
		name="beijing"
		path={
			684 1373 1374 1375 
		}
		control={
			4554.370117 1512.900024 4573.000000 1597.000000 
		}
	}
	outgoing={
		name="malacca"
		path={
			1373 1392 1393 1395 1368 1360 1361 
		}
		control={
			4573.000000 1484.000000 4582.000000 1421.000000 4525.000000 1331.000000 4493.000000 1274.000000 4453.000000 1131.000000 4399.000000 1076.000000 4339.000000 1038.000000 4315.000000 1013.000000 
		}
	}
	members={
		669 670 683 684 685 686 1821 1822 1824 1829 1833 1838 1897 2143 2144 2145 2146 2147 2148 2149 2150 2151 2152 2153 2141 2142 4196 
	}
}
xian={
	location=700
	inland=yes
	outgoing={
		name="beijing"
		path={
			1836 692 2137 2140 691 2138 1375 1816 
		}
		control={
			4369.000000 1569.000000 4386.000000 1575.000000 4401.000000 1572.000000 4428.000000 1574.000000 4449.000000 1591.000000 4466.000000 1604.000000 4483.000000 1614.000000 4492.000000 1631.000000 
		}
	}
	outgoing={
		name="yumen"
		path={
			689 698 706 707 
		}
		control={
			4328.000000 1576.000000 4309.000000 1609.000000 4267.000000 1618.000000 4223.000000 1645.000000 4180.000000 1652.000000 
		}
	}
	members={
		687 1836 2181 2180 698 699 688 692 2183 2175 2176 681 682 2171 2172 4197 689 700 2179 4198 701 709 2191 4223 
	}
}
beijing={
	location=4233
	outgoing={
		name="yumen"
		path={
			695 696 697 701 709 707 
		}
		control={
			4481.000000 1642.000000 4444.000000 1663.000000 4411.000000 1665.000000 4342.000000 1649.000000 4250.000000 1664.000000 
		}
	}
	members={
		690 691 702 723 2138 2139 2140 2114 2115 2747 703 1816 2136 4194 695 696 2137 4195 704 726 2111 2112 2113 693 694 697 2177 2178 4233 
	}
}
philippines={
	location=1397
	outgoing={
		name="the_moluccas"
		path={
			1399 1357 
		}
		control={
			4579.000000 1190.000000 4578.000000 1171.000000 4571.000000 1160.000000 4565.000000 1148.000000 4542.000000 1136.000000 4536.000000 1110.000000 4609.000000 1063.000000 4609.000000 1018.000000 4577.000000 980.000000 4571.000000 934.000000 
		}
	}
	outgoing={
		name="panama"
		path={
			1403 1434 1676 1734 1735 1736 1740 1741 1711 1708 1702 1547 1548 835 
		}
		control={
			4611.000000 1203.000000 4782.000000 1120.000000 4961.000000 1049.000000 5173.000000 1014.000000 5534.000000 915.000000 5780.970215 903.960022 403.000000 927.000000 639.000000 915.000000 881.000000 887.000000 1086.000000 879.000000 1233.000000 925.000000 1342.000000 1050.000000 1387.000000 1110.000000 
		}
	}
	members={
		1397 2701 2702 4355 652 653 4354 654 2700 4351 4352 4353 651 655 4356 657 658 2698 4348 656 2697 2699 4349 4350 1235 1995 1996 1243 1989 1990 1992 1241 1991 1993 1994 9707 9708 9709 9710 9711 9712 9713 9714 9715 9716 9717 9718 9719 9720 9721 9722 9723 9724 9725 9726 9727 9728 9729 9730 9731 9732 9733 9734 9735 9736 9737 9738 9739 9740 9741 9742 9743 9744 9745 9746 9747 9748 9749 9750 9751 9752 9753 9754 9755 9756 9757 9758 9759 9760 9761 9762 9763 9764 
	}
	ai_will_propagate_through_trade=yes
}
the_moluccas={
	location=1357
	outgoing={
		name="malacca"
		path={
			1358 1360 
		}
		control={
			4480.000000 903.000000 4366.000000 946.000000 4318.000000 995.000000 
		}
	}
	members={
		646 2687 2688 2689 2690 2718 2724 1357 1245 647 645 2717 648 649 650 2725 2696 2695 635 633 634 643 2713 2714 642 2715 641 2716 632 627 2691 631 2693 629 2692 628 626 625 630 624 644 2723 9364 9365 9366 9367 9368 9369 9370 9371 9372 9373 9374 9375 9376 9377 9378 9379 9380 9381 9382 9383 9384 9385 9386 9387 9388 9389 9390 9391 9392 9393 9394 9395 9396 9397 9398 9399 9400 9401 9402 9403 9404 9405 9406 9407 9408 9409 9410 9411 9412 9413 9414 9415 9416 9417 9418 9419 9420 9421 9422 9423 9424 9425 9426 9427 9428 9429 9430 9431 9432 9433 9434 9435 9436 9437 9438 9439 9440 9441 9442 9443 9444 9445 9446 9447 9448 9449 9450 9451 9452 9453 9454 9455 9456 9457 9458 9459 9460 9461 9462 9463 9464 9465 9466 9467 9468 9469 9470 9471 9472 9473 9474 9475 9476 9477 9468 9469 9470 9471 9472 9473 9474 9475 9476 9477 9478 9479 9480 1789
9481 9482 9483 9484 9485 9486 9487 9488 9489 9490 9491 9492 9493 9494 9495 9496 9497 9498 9499 9500 9501 9502 9503 9504 9886 9887 9888 9889 9890 9891 9892 9893 9894 9895 9896 9897
	}
	ai_will_propagate_through_trade=yes
}
gulf_of_siam={
	location=1365
	color={
		84 152 93 
	}
	outgoing={
		name="malacca"
		path={
			1364 1362 1361 
		}
		control={
			4236.890137 1130.449951 4266.000000 1084.000000 4281.000000 1027.000000 
		}
	}
	members={
		592 600 601 602 603 604 605 606 609 607 608 611 612 614 615 1817 1823 1844 1022 2374 2375 2376 2377 2378 2379 2380 2381 2382 2383 2384 2385 2386 2387 2388 2389 591 2404 2371 1365 589 10186 10187 10188 10189 10190 10191 10192 10193 10194 10195 10196 10197 10198 10199 10200 10201 10202 10203 10204 10205 10206 10207 10208 10209 10210 10211 10212 10213 10214 10215 10216 10217 10218 10219 10220 10221 10222 10223 10224 10225 10226 10227 10228 10229 10230 10231 10232 10233 10234 10235 10236 10237 10238 10239 10240 10241 10242 10243 10244 10245 10246 10247 10248 10249 10250 10251 10252 10253 10254 10255 10256 10257 10258 10259 10260 10261 10262 10263 10264 10265 10266 10267 10268 10269 10270 10271 10272 10273 10274 10275 10276 10277 10278 10279 10280 10281 10282 10283 10284
	}
}
malacca={
	location=1361
	outgoing={
		name="ganges_delta"
		path={
			1348 1347 1345 1344 1343 
		}
		control={
			4204.169922 1065.469971 4137.000000 1181.000000 4069.000000 1301.000000 
		}
	}
	outgoing={
		name="cape_of_good_hope"
		path={
			1352 1624 1623 1647 1630 1626 1459 
		}
		control={
			4318.000000 940.000000 4233.000000 884.000000 3929.000000 744.000000 3507.000000 613.450012 3110.000000 434.000000 
		}
	}
	members={
		593 594 595 596 597 598 599 617 618 619 620 621 622 623 636 637 638 639 640 659 1361 1998 1999 2390 2391 2392 2393 2394 2673 2674 2675 2676 2677 2678 2679 2680 2681 2682 2683 2684 2685 2686 2703 2704 2705 2706 2707 2708 2709 2710 2711 2712 2740 1101 1783 9250 9251 9252 9253 9254 9255 9256 9257 9258 9259 9260 9261 9262 9263 9264 9265 9266 9267 9268 9269 9270 9271 9272 9273 9274 9275 9276 9277 9278 9279 9280 9281 9282 9283 9284 9285 9286 9287 9288 9289 9290 9291 9292 9293 9294 9295 9296 9297 9298 9299 9300 9301 9302 9303 9304 9305 9306 9307 9308 9309 9310 9311 9312 9313 9314 9315 9316 9317 9318 9319 9320 9321 9322 9323 9324 9325 9326 9327 9328 9329 9330 9331 9332 9333 9334 9335 4157
9336 9337 9338 9339 9340 9341 9342 9343 9344 9345 9346 9347 9348 9349 9350 9351 9352 9353 9354 9355 9356 9357 9358 9359 9360 9361 9362 9363 9898 9899 9900 9901 9902 9903 9904 9905 9906 9907 9908 9909 9910 9911 9912 9913 9914 9915 9916 9917 9918 9919 9920 9921 9922 9923 9924 9925 9926 9927 9928 9929 9930 9931 9932 9933 9934 9935 9936 9937 9938 9939 9940 9941 9942 9943 9944 9945 9946 9947 9948 9949 9950 9951 9952 9953
9954 9955 9956 9957 9958 9959 9960 9961 9962 9963 10111 10112 10113 10114 10115 10116 10117 10118 10119 10120 10121 10122 10123 10124 10125 10126 10127 10128 10129 10130 10131 10132 10133 10134 10135 10136 10137 10138 10139 10140 10141 10142 10143 10144 10145 10146 10147 10148 10149 10150 10151 10152 10153 10154 10155 10156 10157 10158 10159 10160 10161 10162 10163 10164 10165 10166 10167 10168 10169 10170 10171 10172 10173 10174 10175 10176 10177 10178 10179 10180 10181 10182 10183 10184 10185
	}
	ai_will_propagate_through_trade=yes
}
siberia={
	location=1064
	inland=yes
	outgoing={
		name="kazan"
		path={
			1062 1064 480 479 472 475 1082 
		}
		control={
			3945.000000 1989.000000 3867.000000 1967.000000 3734.000000 2001.000000 3683.000000 1952.000000 3619.000000 1888.000000 3531.000000 1869.000000 3491.000000 1947.000000 
		}
	}
	outgoing={
		name="samarkand"
		path={
			480 478 477 1969 457 454 
		}
		control={
			3959.000000 1957.000000 3856.000000 1856.000000 3759.000000 1820.000000 3710.000000 1736.000000 3708.000000 1682.000000 
		}
	}
	members={
		1782 1781 1071 1054 1059 1061 1062 1063 1064 1067 1068 1070 480 1069 1073 1074 1080 1078 1075 1076 2426 2427 2428 2429 2430 2431 2432 2433 2434 2436 2437 2442 2443 2445 1072 1780 1045 2435 1051 2441 716 1065 1066 1060 4929 5582 5583 5584 5585 5586 5587 5588 5589 5590 5591 5592 5593 5595 5596 5597 5598 5599 5600 5601 5602 5603 5604 5605 5606 5607 5608 5609 5610 5611 5612 5613 5614 5615 5616 5617 5618 5619 5620 5621 5622 5623 5624 5625 5626 5627 5628 5629 5630 5631 5632 5633 5634 5635 5636 5637 5638 5639 5640 5641 5642 5643 5644 5645 5646 5647 5648 5649 5651 5652 5653 5654 5655 5656 5657 5658 5659 5660 5661 5662
5663 5664 5665 5666 5667 5668 5669 5670 5671 5672 5673 5674 5675 5676 5677 5678 5679 5680 5681 5682 5683 5684 5685 5686 5687 5688 5689 5690 5691 5692 5693 5694 5695 5696 5697 5698 5699 5700 5701 5702 5703 5704 5705 5706 5707 5708 5709 5710 5711 5712 5713 5714 5715 5716 5717 5718 5719 5720 5721 5722 5723 5724 5725 5726 5727 5728 5729 5730 5731 5732 5733 5734 5735 5736 5737 5738 5739 5740 5741 5742 5743 5744 5745 5746 5747 5748 5749 5750 5751 5752 5753 5754 5755 5756 5757 5758 5759 5760 5761 5762 5763 5764 5765 5766 5767 5768 5769 5770 5771 5772 5773 5774 5775 5776 5777 5778 5779 5780 5781 5782 5783 5784 5785 5786 5787 5788 5789 5790 5791 5792 5793 5794 5795 5796 5797 5798 5799 5800 5801 5802 5803 5804 5805 5806 5807 5808 5809 5810 5811 5812 5813 5814 5815 5816 5817 5818 5926 5927 5928 5929 5930 5931 5932 5933 5934
	}
}
yumen={
	location=707
	inland=yes
	outgoing={
		name="samarkand"
		path={
			713 1786 739 1785 452 1967 454 
		}
		control={
			4088.000000 1660.000000 3997.000000 1672.000000 3932.000000 1672.000000 3864.000000 1647.000000 3823.000000 1650.000000 3766.000000 1671.000000 3723.000000 1660.000000 
		}
	}
	members={
		710 1786 707 708 711 714 719 1784 2119 2123 2189 2190 2194 2182 2184 2122 4206 4207 717 721 2116 4219 4220 720 2193 4221 713 715 2120 4208 718 2117 4222 712 2121 2192 
	}
}
burma={
	location=584
	color={
		35 229 76 
	}
	inland=yes
	outgoing={
		name="ganges_delta"
		path={
			4396 1815 
		}
		control={
			4140.000000 1314.000000 4153.000000 1267.000000 4114.000000 1252.000000 4065.000000 1322.000000 
		}
	}
	members={
		570 573 2041 584 2399 581 2398 580 4393 2397 566 571 2040 2042 4440 4394 4396 585 4395 583 588 2400 4397 4406 587 2401 4398 582 2395 2396 4404 4405 567 2091 4473 
	}
}
ganges_delta={
	location=1343
	outgoing={
		name="comorin_cape"
		path={
			1342 1341 1340 
		}
		control={
			3972.000000 1296.000000 3902.000000 1197.000000 3925.000000 1118.000000 3898.000000 1095.000000 
		}
	}
	outgoing={
		name="doab"
		path={
			1343 564 563 2044 558 2095 556 2063 
		}
		control={
			4015.000000 1346.000000 4013.000000 1379.000000 3967.000000 1408.000000 3926.000000 1404.000000 3887.000000 1426.000000 
		}
	}
	members={
		1343 553 2082 4447 4451 4452 547 2048 4445 4446 4448 561 2081 4476 4477 564 2039 4474 4475 4478 552 2038 2043 2049 4441 560 2096 4450 4470 4471 562 2045 2046 4486 563 2044 4479 568 579 2402 586 590 1815 2403 4399 558 4469 4472 4489 2047 4484 4487 4488 
	}
}
doab={
	location=524
	color={
		236 162 19 
	}
	inland=yes
	outgoing={
		name="deccan"
		path={
			525 740 2057 
		}
		control={
			3860.000000 1417.000000 3849.000000 1386.000000 3852.000000 1358.000000 3866.000000 1332.000000 3856.000000 1301.000000 
		}
	}
	outgoing={
		name="lahore"
		path={
			522 2062 4411 
		}
		control={
			3849.000000 1464.000000 3827.000000 1496.000000 
		}
	}
	members={
		522 2060 2062 2061 4498 4499 519 520 2064 4500 523 2094 4494 4495 4497 555 2055 2095 4490 524 556 2063 4496 525 528 740 4464 4465 559 2059 4459 4466 4467 2097 2098 4468 4491 4492 554 509 511 2069 4493 
	}
}
lahore={
	location=507
	color={
		63 150 30 
	}
	inland=yes
	outgoing={
		name="samarkand"
		path={
			578 451 450 453 454 
		}
		control={
			3780.000000 1543.000000 3709.000000 1557.000000 3683.000000 1579.000000 3680.000000 1606.000000 
		}
	}
	outgoing={
		name="persia"
		path={
			578 451 450 446 2221 2235 2214 
		}
		control={
			3754.000000 1479.000000 3737.000000 1520.000000 3702.000000 1530.000000 3654.000000 1506.000000 3606.000000 1495.000000 3593.000000 1562.000000 3536.000000 1601.000000 3490.000000 1586.000000 
		}
	}
	outgoing={
		name="gujarat"
		path={
			506 2072 
		}
		control={
			3839.000000 1461.000000 3799.000000 1429.000000 3764.000000 1393.000000 3768.000000 1355.000000 
		}
	}
	members={
		1785 1787 2200 508 2073 2074 4449 4521 507 2075 2076 4510 4513 506 2079 2086 4508 4509 2077 2078 4511 510 2065 4411 4463 576 577 2068 448 451 452 578 2226 447 449 2225 450 2227 2228 
	}
}
deccan={
	location=1948
	color={
		241 13 61 
	}
	inland=yes
	outgoing={
		name="gujarat"
		path={
			4433 517 1337 
		}
		control={
			3816.000000 1300.000000 3776.000000 1311.000000 
		}
	}
	outgoing={
		name="comorin_cape"
		path={
			541 4422 4414 2026 
		}
		control={
			3861.000000 1270.000000 3863.000000 1237.000000 3877.000000 1200.000000 3865.000000 1176.000000 3869.000000 1152.000000 
		}
	}
	members={
		526 2056 2057 2093 4461 550 551 2092 4458 4460 532 2033 4428 2028 4438 4444 542 2037 4436 4439 527 4434 4453 569 1948 2035 4435 546 548 2050 4442 4443 1946 2034 4431 544 545 4432 4433 4437 
	}
}
comorin_cape={
	location=1340
	color={
		13 255 179 
	}
	outgoing={
		name="gulf_of_aden"
		path={
			1615 1451 1331 
		}
		control={
			3810.000000 1119.000000 3635.000000 1157.000000 
		}
	}
	outgoing={
		name="gujarat"
		path={
			1339 2030 
		}
		control={
			3825.000000 1144.000000 3764.000000 1280.000000 
		}
	}
	outgoing={
		name="cape_of_good_hope"
		path={
			1619 1621 1636 1626 1459 
		}
		control={
			3801.000000 1000.000000 3713.000000 799.000000 3563.000000 672.000000 3328.000000 547.000000 3074.000000 436.000000 
		}
	}
	members={
		1340 2083 4418 4419 4420 539 540 1947 2027 4417 536 2101 4412 2100 4408 4409 572 2099 4407 574 1101 1248 1998 1999 538 2085 4414 2026 4415 4416 533 2031 4421 4422 4426 541 1949 2090 4423 4424 534 535 537 4410 4413 531 2029 2030 2032 4427 543 549 2084 2080 4425 
	}
}
gujarat={
	location=1337
	color={
		135 104 85 
	}
	outgoing={
		name="gulf_of_aden"
		path={
			1336 1333 1332 1331 
		}
		control={
			3691.000000 1298.000000 3552.000000 1248.000000 
		}
	}
	outgoing={
		name="hormuz"
		path={
			1336 1334 
		}
		control={
			3730.300049 1334.619995 3663.000000 1388.000000 3553.000000 1402.000000 
		}
	}
	outgoing={
		name="zanzibar"
		path={
			1336 1452 1451 1453 1447 
		}
		control={
			3639.000000 1222.000000 3491.899902 1035.780029 3411.000000 950.000000 
		}
	}
	members={
		518 2058 2087 4501 4462 512 4502 4507 2066 513 514 2067 4506 504 2088 4503 4504 505 2072 4505 529 530 2089 4429 515 521 2052 4454 4455 517 2036 4430 503 2053 4456 4480 516 2051 2054 4512 4457 1337 
	}
}
katsina={
	location=1149
	color={
		215 56 56 
	}
	inland=yes
	outgoing={
		name="timbuktu"
		path={
			1148 2273 2269 1133 2262 1132 
		}
		control={
			2732.000000 1233.000000 2722.000000 1245.000000 2682.000000 1241.000000 2636.000000 1262.000000 2619.000000 1276.000000 
		}
	}
	outgoing={
		name="tunis"
		path={
			352 341 
		}
		control={
			2772.000000 1527.000000 
		}
	}
	outgoing={
		name="ethiopia"
		path={
			2800 2772 
		}
		control={
			3011.000000 843.000000 3129.000000 858.000000 3245.860107 862.010010 3315.000000 898.000000 3333.000000 880.000000 3331.300049 866.299988 3355.000000 858.000000 
		}
	}
	members={
		1144 1146 1162 1145 1152 1153 1150 1154 1155 1156 1157 1160 1161 1249 1149 1148 2273 2272 2274 2275 2276 2277 2278 2279 2281 2282 2283 2280 2284 2285 2286 2287 2293 2475 10607 10608 10609 10610 10611 10612 10613 10614 10615 10616 10617 10618 10619 10620 10621 10622 10623 10624 10625 10626 10627 10628 10629 10630 10631 10632 10633 10634 10635 10636  
	}
}
ethiopia={
	location=2772
	inland=yes
	outgoing={
		name="alexandria"
		path={
			1232 2321 361 358 
		}
		control={
			3178.000000 1207.000000 3166.000000 1232.000000 3154.000000 1257.000000 3168.000000 1281.000000 3159.000000 1317.000000 3123.000000 1294.000000 3122.000000 1341.000000 3150.000000 1368.000000 3149.000000 1413.000000 3114.000000 1455.000000 3128.000000 1482.000000 
		}
	}
	outgoing={
		name="gulf_of_aden"
		path={
			1213 1211 1212 4346 
		}
		control={
			3226.000000 1197.000000 3238.000000 1177.000000 3236.000000 1151.000000 3255.000000 1140.000000 3276.000000 1160.000000 3313.000000 1183.000000 3358.899902 1185.109985 3416.000000 1202.000000 
		}
	}
	members={
		774 1158 1159 1217 1218 1222 1228 2756 2757 2758 2759 2760 2761 2762 2763 2772 2791 2778 2785 2797 2766 2767 2769 2770 2771 2779 2780 2781 1224 1213 1223 1214 1216 1221 2800 2801 2802 1229 1225 1226 1227 1220 1207 1208 1210 2798 2799 1219 2776 2932 4033 4158 2777 4051 4052 2288
9966 9967 9968 9969 9973 9974 9975 9976 9977 9978 9979 9980 9981 9982 9983 9984 9985 9986 9987 9988 9989 9990 9991 9992 9993 9994 9995
9996 9997 9998 9999 10000 10001 10002 10003 10004 10005 10006 10007 4322 10589 10590 10591 10592 10593 10594 10595 10596 10597 10598 10599 10600 10601 10602 10603 10604 10605 10606 
	}
}
gulf_of_aden={
	location=4346
	outgoing={
		name="zanzibar"
		path={
			1446 1447 1448 
		}
		control={
			3455.000000 1168.000000 3408.000000 1071.000000 3315.000000 983.000000 
		}
	}
	outgoing={
		name="alexandria"
		path={
			1330 1329 1328 361 358 
		}
		control={
			3323.000000 1199.000000 3239.000000 1339.000000 3210.000000 1390.000000 3183.000000 1436.000000 3159.060059 1455.930054 3146.000000 1478.000000 3141.000000 1495.000000 3123.000000 1500.000000 
		}
	}
	outgoing={
		name="hormuz"
		path={
			1332 1333 1334 
		}
		control={
			3501.000000 1264.000000 3583.000000 1354.000000 3535.000000 1397.000000 
		}
	}
	members={
		2324 2775 2782 2783 2786 2788 2789 2790 2793 2794 2795 2024 1205 1206 1209 1212 1215 1230 2765 2773 2792 2784 1211 2764 2787 1232 1331 1779 2768 401 2341 2342 402 1099 4284 387 2346 4279 390 2344 4281 388 2345 4280 386 391 4282 389 2343 4283 1328 1329 1330 4333 4346 9970 9971 9972 
	}
}
hormuz={
	location=1334
	outgoing={
		name="basra"
		path={
			2219 1335 
		}
		control={
			3488.000000 1419.000000 3444.000000 1438.000000 
		}
	}
	members={
		397 398 404 2333 432 2220 2234 4345 434 575 2231 2232 2233 430 2219 2223 4332 2218 4329 4330 4331 403 4285 4287 399 400 4286 431 2999 4327 1332 1334 1335 4347 
	}
}
zanzibar={
	location=1448
	color={
		130 17 17 
	}
	outgoing={
		name="cape_of_good_hope"
		path={
			1449 1456 1457 1458 1459 1460 
		}
		control={
			3281.000000 867.000000 3288.000000 749.000000 3217.000000 686.000000 3212.000000 609.000000 3154.000000 514.000000 3064.000000 442.000000 
		}
	}
	members={
		1448 788 1100 1102 1103 1183 1186 1192 1193 1194 1195 1196 1197 1198 1199 1200 1201 1202 1203 1204 1792 2796 2774 4020 4021 4022 4023 4024 4025 4026 4027 4028 4029 4030 4031 4032 4049 10587 10588 
	}
}
cape_of_good_hope={
	location=1460
	outgoing={
		name="ivory_coast"
		path={
			1461 1462 1463 1464 1465 1466 
		}
		control={
			2887.000000 469.000000 2821.000000 626.000000 2799.000000 749.000000 2817.000000 867.000000 2758.000000 958.000000 2733.000000 1050.000000 
		}
	}
	members={
		1460 789 833 1175 1176 1177 1178 1179 1180 1181 1182 1173 1800 1801 2856 2864 2880 10540 10541 10542 10543 10544 10545 10546 10547 10548 10549 10550 10551 10552 10553 10554 10555 10556 10557 10558 10559 10560 10561 10562 
	}
}
basra={
	location=1335
	outgoing={
		name="aleppo"
		path={
			408 409 406 382 377 
		}
		control={
			3381.000000 1494.000000 3336.000000 1510.000000 3322.000000 1537.000000 3299.000000 1561.000000 3280.000000 1566.000000 3256.000000 1581.000000 3232.000000 1584.000000 
		}
	}
	outgoing={
		name="persia"
		path={
			412 413 428 426 
		}
		control={
			3402.000000 1493.000000 3397.070068 1512.569946 3381.000000 1534.000000 3379.000000 1560.000000 3449.000000 1574.000000 
		}
	}
	members={
		1335 412 2217 4289 4290 4342 394 395 396 2340 2347 393 2338 4272 392 2337 4273 4274 2335 2336 2339 4275 408 2311 2312 4288 406 409 410 2310 4291 413 414 2209 2210 415 2211 4293 4294 2334 4276 10793 10794 10795 10796 
	}
}
samarkand={
	location=454
	inland=yes
	outgoing={
		name="persia"
		path={
			442 441 438 437 427 426 
		}
		control={
			3643.000000 1643.000000 3598.110107 1592.630005 3531.000000 1619.000000 3480.000000 1600.000000 
		}
	}
	outgoing={
		name="astrakhan"
		path={
			442 440 443 470 465 464 
		}
		control={
			3654.000000 1667.000000 3625.000000 1652.000000 3590.000000 1678.000000 3566.000000 1697.000000 3544.000000 1726.000000 3509.000000 1772.000000 3448.000000 1797.000000 
		}
	}
	members={
		440 441 442 444 445 453 454 455 456 457 459 476 477 1967 1969 1970 1973 461 478 2126 2370 2362 2363 2356 2364 2368 2355 2360 2361 2358 2352 2351 2353 2369 2359 458 2125 460 472 471 2350 437 438 439 443 2349 739 2124 2127 4209 4210 1968 4344 4343 479 2354 2357 2118 8469 8470 8471 8472 8473 8474 8475 8476 8477 8478 8479 8480 8481 8482 8483 8484 8485 8486 8487 8488 8489 8490 8491 8492 8493 8494 8495 8496 8497 8498 8499 8500 8501 8502 8503 8504 8505 8506 8507 8508 8509 8510 8511 8512 8513 8514 8515 8516 8517 8518 8519 8520 8521 8522 8523 8524 8525 8526 8527 8528 8529 8530 8531 8532 8533 8534 8535 8536 8537 8538 8539 8540 8541 8542 8543 8544 8545 8546 8547 8548 8549 8550 8551 8552 8553 8554
	}
}
persia={
	location=4341
	color={
		204 119 31 
	}
	inland=yes
	outgoing={
		name="aleppo"
		path={
			1326 421 2202 2205 418 407 377 
		}
		control={
			3429.000000 1600.000000 3399.000000 1615.000000 3396.000000 1655.000000 3359.000000 1635.000000 3325.000000 1646.000000 3287.000000 1632.000000 3254.000000 1624.000000 
		}
	}
	members={
		435 2224 2229 2230 436 4334 4336 446 4324 4325 2221 2235 2236 4326 417 426 2214 4339 4341 427 428 2213 2216 4337 429 433 2222 4335 4171 419 420 2202 2205 421 424 4299 4305 4340 416 2206 2207 4304 2212 2215 4300 4338 4177 4170 4172 9824 9825 9826 9827 9828 9829 9830 9831 9832 9833 10028 10029 10030 10031  
	}
}
aleppo={
	location=377
	color={
		202 150 172 
	}
	outgoing={
		name="constantinople"
		path={
			1317 1848 322 317 1320 
		}
		control={
			3178.000000 1588.000000 3119.000000 1584.000000 3068.000000 1590.000000 3034.000000 1627.000000 3031.000000 1646.000000 3040.000000 1655.000000 3063.000000 1668.000000 
		}
	}
	outgoing={
		name="alexandria"
		path={
			1316 1315 358 
		}
		control={
			3191.000000 1584.000000 3160.780029 1526.050049 3119.000000 1518.000000 
		}
	}
	members={
		418 2306 2307 4295 4296 377 1849 2313 4298 378 382 1855 4297 407 411 2309 2314 4292 332 2303 2308 4310 405 4270 4271 321 327 2302 323 324 2301 4307 9234 9235 9236 9237 9246 9247 9248 9249 10032 10033 10034 10035 10036 10037 10504 10505 10506 10507 10508 10775 10776 10777 10778 10779 
	}
}
alexandria={
	location=358
	color={
		200 200 102 
	}
	outgoing={
		name="constantinople"
		path={
			362 363 1316 1932 318 317 1320 
		}
		control={
			3099.000000 1533.000000 3068.000000 1566.000000 3037.000000 1612.000000 3025.000000 1641.000000 3040.000000 1655.000000 3063.000000 1668.000000 
		}
	}
	outgoing={
		name="venice"
		path={
			1315 1318 145 1773 144 143 1310 1309 1308 
		}
		control={
			3080.000000 1538.000000 3031.000000 1563.000000 2982.000000 1571.000000 2940.000000 1634.000000 2931.000000 1670.000000 2880.000000 1702.000000 2850.000000 1728.000000 
		}
	}
	outgoing={
		name="genua"
		path={
			357 1314 1313 1306 1302 1303 1298 1297 
		}
		control={
			3062.000000 1529.000000 2973.000000 1545.000000 2911.000000 1552.000000 2857.000000 1577.000000 2823.000000 1624.000000 2793.000000 1677.000000 2774.000000 1682.000000 
		}
	}
	members={
		1234 2322 2323 364 379 1854 384 2329 2330 383 2328 4268 4269 385 2331 2332 4277 4278 380 381 2327 365 2315 2320 2321 1233 2318 4323 358 362 363 361 2316 4316 4317 359 2317 4318 360 1231 2319 4319 4320 356 357 2325 2326 4321 1795 9546 9547 9548 9812 9813 9814 9815 9816 9817 9818 9819 9820 9821 9822 9823 10780 10781 10782 10783 10784 10785 10786 10787 10788 10789 10790 10791 10792
	}
}
astrakhan={
	location=464
	inland=yes
	outgoing={
		name="kazan"
		path={
			466 303 1081 1082 
		}
		control={
			3352.000000 1806.000000 3330.000000 1817.000000 3353.000000 1876.000000 3400.000000 1898.000000 
		}
	}
	outgoing={
		name="crimea"
		path={
			468 287 1323 
		}
		control={
			3337.000000 1797.000000 3257.000000 1791.000000 3218.000000 1775.000000 3202.000000 1743.000000 
		}
	}
	members={
		288 303 465 467 469 470 474 1971 2365 2367 2366 2409 2418 2419 464 466 468 2416 2417 302 304 2415 425 2198 2199 2208 4306
5143 5144 5145 5146 5147 5148 5149 5150 5151 5152 5153 5154 5155 5156 5157 5158 5159 5238 5239 5240 5241 5242 5243 5244 5245 5246 5247 5248 5249 5250
5251 5252 5253 5254 5255 5256 5257 5258 5259 5260 5261 5262 5263 5264 5265 5266 5267 5268 5269 5270 5271 5272 5273 5274 5275 5276 5277 5278 5279 5280
5281 5282 5283 5284 5285 5286 5287 5288 5289 5290 5291 5292 5293 5294 5295 5296 5297 5298 5299 5300 5301 5302 5303 5304 5305 5306 5307 5308 5309 5310
5311 5312 5313 5314 5315 5316 5317 5318 5319 5320 5321 5322 5323 5331 5332 5333 5358 5359 5360 5361 5362 5363 5364 5365 5366 5367 5368 5369 5370 5371 5372 5401 5402 5403 5404 5405 5406 5407 5408 5409 5410 5411 5412 5413 5414 5415 5416 5417 5418 5419 5420 5421 5422 5423 8458 8459 8460 8461 8462 8463 8464 8465 8466 8467 8468 
	}
}
crimea={
	location=1322
	color={
		59 158 125 
	}
	outgoing={
		name="kiev"
		path={
			284 282 281 280 
		}
		control={
			3131.000000 1761.000000 3116.000000 1784.000000 3115.000000 1806.000000 3126.000000 1831.000000 
		}
	}
	outgoing={
		name="constantinople"
		path={
			1322 1321 1320 
		}
		control={
			3112.000000 1711.000000 
		}
	}
	members={
		1323 1322 462 1856 463 2201 2195 2197 282 1974 2406 286 287 2413 2414 284 285 2410 2447 283 2411 2412 330 331 2305 422 1756 2405 423 2203 4301 2196 2204 4303 4529 5324 5325 5326 5327 5328 5329 5330 5334 5335 5336 4302
                5337 5338 5339 5340 5341 5342 5343 5344 5345 5346 5347 5348 5349 5350 5351 5352 5353 5354 5355 5356 5357 5373 5374 5375 5376 5377 5378 5379 5380 5381 5382 5383 5384 5385 5386 5387 5388 5389 5390 5391 5392 5393 5394 5395 5396 5397 5398 5399 5400 9238 9239 9240 9241 9242 9243 9244 9245 9702 9703 9704 9705 9706 10509 10510 10511 10512 10513 10514 10515 10516 10517 10518 10519 10520 10521 10522 10523 10524 10525 10526 10527 10528 10529 10530 10531 10532 10533 10534 10535 10536 10537 10538 10539 
	}
}
constantinople={
	location=1320
	color={
		126 203 120 
	}
	outgoing={
		name="ragusa"
		path={
			149 1765 1766 138 137 
		}
		control={
			3081.000000 1680.000000 3057.000000 1685.000000 3037.000000 1697.000000 3010.000000 1700.000000 2998.000000 1708.000000 2966.000000 1707.000000 2947.000000 1694.000000 
		}
	}
	members={
		1320 149 151 1764 325 328 2299 2304 150 159 1765 2746 2750 160 161 2998 156 1951 4128 157 158 1952 4127 329 1846 2300 4314 4315 316 317 2296 322 1848 4308 4311 318 319 2297 2298 4309 326 4312 4313 164 320 1319 2348 3003 4531 4532 9217 9218 9219 9220 9221 9222 9223 268 4530
9224 9225 9226 9227 9228 9229 9230 9231 9232 9233 10434 10435 10436 10437 10438 10439 10440 10441 10442 10443 10444 10445 10446 10447 10448 10449 10450 10451 10452 10453 10454 10455 10456 10457 10458 10459 10460 10461 10462 10463 10464 10465 10466 10467 10468 10469 10470 10471 10472 10473 10474 10475 10476 10477 10478 10479 10480 10481 10482 10483
	}
}
kiev={
	location=280
	inland=yes
	outgoing={
		name="novgorod"
		path={
			278 292 275 311 310 
		}
		control={
			3101.000000 1903.000000 3104.000000 1940.000000 3123.000000 1977.000000 3117.000000 2010.000000 
		}
	}
	outgoing={
		name="krakow"
		path={
			279 260 262 
		}
		control={
			3046.000000 1852.000000 2988.000000 1862.000000 
		}
	}
	members={
		272 279 281 770 1937 1943 2962 277 278 1941 291 298 299 2408 293 297 4244 4245 296 300 4116 280 1942 1944 4247 289 290 1945 2407 292 771 4246 276 4115 4242 4538 4537 4536 4535 4545 4544 4540 4539 4542 4543 269 5050 5051 5052 5053 5054 5055 5056 5057 5058 5059 5060 5061 5062 5063 5064 5077 5078 5079 5080 5081 5082 5083 5084 5085 5086 5087 5088 5089 5090 5091 5092 5093 5094 5095 5096 5097 5098 5099 5100 5101 5102 5103 5104 5105
5106 5107 5108 5109 5110 5111 5112 5113 5114 5115 5116 5117 5118 5119 5120 5121 5122 5123 5136 5137 5138 5139 5140 5141 5142 5160 5161 5162 5163 5164 5165 5166 5167 5168 5169 5170 5171 5172 5173 5174 5175 5176 5177 5178 5179 5180 5181 5182 5183 5184 5185 5186 5187 5188 5189 5190 5191 5192
	}
}
kazan={
	location=1082
	inland=yes
	outgoing={
		name="novgorod"
		path={
			306 307 308 312 310 
		}
		control={
			3375.000000 1970.000000 3334.000000 1966.000000 3306.000000 1983.000000 3254.000000 1989.000000 3209.000000 2056.000000 
		}
	}
	members={
		306 1079 1083 1957 2421 4265 4267 475 1965 1966 2420 2444 473 1081 2423 1082 2422 4264 305 1962 1972 4266 4968 4969 4970 4971 4972 4973 4974 4975 4976 5193 5194 5195 5196 5197 5198 5199 5200 5201 5202 5203 5204 5205 5206 5207 5208 5209 5210 5211 5212 5213 5214 5215 5216 5217 5218 5424 5425 5426 5427 5428 5429 5430 5431 5432 5433 5434 5435 5436 5437 5438 5439 5440 5441 5442 5443 5444 5445 5446 5447 5448 5449 5450 5451 5452 5453 5454 5455 5456 5457 5458 5459 5460 5461 5462 5463 5464 5465 5466 5467 5468 5469 5470 5471 5472 5473 5474 5475 5476 5477 5478 5479 5480 5481 5482 5483 5484 5485 5486 5487 5488 5489 5490 5491 5492 5493 5494 5495 5496 5497 5498 5499 5500 5501 5502 5503 5504 5505 5506 5507 5508 5509 5510 5511 5512 5513 5514 5515 5516 5517 5518 5519 5520 5521 5522 5523 5524 5525 5526 5527 5528 5534 5535 5536 5537 5538 5539 5540 5541 5542 5543 5544 5545 5546 5547 5548 5549 5550 5551 5552 5553 5554 5555 5556 5557 5558 5559 5560 5561 5562 5563 5564 5565 5566 5567 5568 5569 5570 5571 5572 5573 5574 5575 5576 5577 5578 5579 5580 5581 5594
5219 5220 5221 5222 5223 5224 5225 5226 5227 5228 5229 5230 5231 5232 5233 5234 5235 5236 5237  
	}
}
novgorod={
	location=33
	color={
		97 126 37 
	}
	outgoing={
		name="baltic_sea"
		path={
			34 36 1926 
		}
		control={
			3045.000000 2041.000000 2991.000000 2029.000000 
		}
	}
	outgoing={
		name="white_sea"
		path={
			1261 309 1652 
		}
		control={
			3101.000000 2066.000000 3152.000000 2109.000000 3197.000000 2157.000000 
		}
	}
	members={
		30 32 309 33 34 1961 274 275 1960 4148 310 311 1959 2749 4260 294 1752 4243 4248 4249 301 1778 4255 295 4251 4252 307 4147 4253 308 1753 4117 4250 1754 1956 4254 312 4259 4261 4880 4881 4882 4883 4884 4885 4886 4887 4888 4889 4890 4902 4903 4930 4931 4932 4933 4934 4935 4936 4937 4938 4939 4940 4941 4942 4943 4944 4945 4946 4947 4948 4949 4950 4951 4952 4953 4954 4955 4956 4957 4958 4959 4960 4961 4962 4963 4964 4965 4966
4967 4979 4980 4981 4982 4983 4984 4985 4986 4987 4988 4989 4990 4991 4992 4993 4994 4995 4996 4997 4998 4999 5000 5001 5002 5003 5004 5005 5006 5007
5008 5009 5010 5011 5012 5013 5014 5015 5016 5017 5018 5019 5020 5021 5022 5023 5024 5025 5026 5027 5028 5029 5030 5031 5032 5033 5034 5035 5036 5037 5038 5039 5040 5041 5042 5043 5044 5045 5046 5047 5048 5049 5065 5066 5067 5068 5069 5070 5071 5072 5073 5074 5075 5076    
	}
}
cuiaba={
	location=800
	outgoing={
		name="laplata"
		path={
			800 1536 
		}
		control={
			1725.000000 669.000000 1737.000000 615.000000 1682.000000 478.000000 1734.699951 445.709991 
		}
	}
	outgoing={
		name="lima"
		path={
			800 809 
		}
		control={
			1626.000000 782.000000 1544.000000 798.000000 1509.000000 790.000000 1474.000000 813.000000 
		}
	}
	members={
		800 2902 2901 801 2835 2834 2838 794 2942 797 2941 2940 2946 795 793 2900 796 2840 2839 2837 792 791 2841 2836 802 804 2831 2947 803 2832 2833 775 776 799 2842 2882 2883 2888 2903 2904 2905 10050 10051 10052 10053 10054 10055 10056 10057 10058 10059 10060 10061 10062 10063 10064 10065 10066 10067 10068 10069 10070 10071 10072 10073 10074 10075 10076 10077 10078 10079 10080 10081 10082 10083 10084 10085 10086 10087 10088 10089 10090 10091 10092 10093 10094 10095 10096 10097 10098 10099 10100 10101 10102 10103 10104 10105 10106 10107 10108 10109 10110 
	}
}
laplata={
	location=1536
	outgoing={
		name="brazil"
		path={
			1535 1534 1533 1532 1531 
		}
		control={
			1842.000000 478.000000 1914.000000 598.000000 2005.000000 642.000000 2059.000000 776.000000 
		}
	}
	members={
		772 773 777 778 779 790 1536 1095 2025 2843 2844 2845 2846 2847 2848 2849 2850 2851 2852 2853 2854 2855 2857 2858 2859 2860 2861 2865 2866 2877 2878 2879 2884 2887 
	}
}
lima={
	location=809
	outgoing={
		name="panama"
		path={
			1545 1546 1547 1548 835 
		}
		control={
			1410.000000 823.000000 1349.000000 918.000000 1368.000000 1020.000000 1409.000000 1078.000000 
		}
	}
	members={
		812 2002 2821 2822 2826 816 817 819 820 2820 815 818 821 2823 2944 2945 813 2824 2825 2943 809 810 811 814 2827 807 808 2829 2830 805 806 2828 9795 9796 9797 9798 9799 9800 9801 9802 9803 9804 9805 9806 9807 9808 9809 9810 9811 
	}
}
brazil={
	location=1531
	outgoing={
		name="ivory_coast"
		path={
			1596 1597 1586 1585 1466 
		}
		control={
			2349.000000 947.000000 2544.000000 993.000000 
		}
	}
	members={
		1531 750 751 753 754 755 756 757 758 759 760 761 762 763 764 765 766 768 769 2881 2885 2891 2892 2893 2894 2895 2896 2897 2898 2899 2906 2907 2908 2912 2913 2914 2915 2916 2917 2918 2919 2920 2921 2922 
	}
}
timbuktu={
	location=1132
	inland=yes
	outgoing={
		name="safi"
		path={
			1127 346 344 345 
		}
		control={
			2599.000000 1315.000000 2568.000000 1387.000000 2559.000000 1450.000000 2547.000000 1488.000000 2512.000000 1512.000000 
		}
	}
	outgoing={
		name="ivory_coast"
		path={
			2263 1135 2252 2255 2257 1466 
		}
		control={
			2594.000000 1237.000000 2586.000000 1196.000000 2600.000000 1146.000000 2603.000000 1123.000000 2603.000000 1104.000000 
		}
	}
	members={
		1115 2237 2240 1122 1125 2251 1135 1137 2265 2266 1136 2256 2267 2252 2253 2254 2255 1138 2247 1120 1121 1124 1123 1131 1132 1134 1133 1142 2243 2244 2245 2246 2248 2249 2250 2259 2260 2261 2262 2263 2264 2268 2269 2270 1128 1129 1130 2271 1140 1143 2291 2292 2295 10637 10638 10639 10640 10641 10642 10643 10644 10645 10646 10647 10648 10649 10650 10651 10652 10653 10706 10707 10708 10709 10710 10711 10712 10713 10714 10715 10716 10717 10718 10719 10720 10721 10722 10723 10724 10725 10726 10727 10728 10729 10730 10731 10732 10733 10734 10735 
	}
}
ivory_coast={
	location=1466
	outgoing={
		name="carribean_trade"
		path={
			1467 1468 1579 1577 1576 1522 1520 1519 1517 1516 
		}
		control={
			2474.000000 1017.000000 2321.000000 1087.000000 2089.000000 1170.000000 1840.000000 1227.000000 1681.000000 1244.000000 1574.000000 1236.000000 1505.000000 1244.000000 
		}
	}
	outgoing={
		name="bordeaux"
		path={
			1467 1468 1470 1471 1566 1563 
		}
		control={
			2484.000000 1056.000000 2392.000000 1141.000000 2340.000000 1231.000000 2338.000000 1360.000000 2412.000000 1502.000000 2451.000000 1636.000000 2487.000000 1730.000000 2592.000000 1731.000000 
		}
	}
	outgoing={
		name="english_channel"
		path={
			1467 1468 1470 1471 1566 1563 
		}
		control={
			2479.000000 1044.000000 2383.000000 1127.000000 2323.000000 1229.000000 2320.000000 1367.000000 2400.000000 1528.000000 2448.000000 1701.000000 2505.000000 1785.000000 2556.000000 1816.000000 2607.000000 1839.000000 2665.000000 1862.000000 2692.000000 1878.000000 
		}
	}
	outgoing={
		name="sevilla"
		path={
			1467 1468 1470 1471 1566 1563 
		}
		control={
			2497.000000 1067.000000 2402.000000 1148.000000 2355.000000 1226.000000 2358.000000 1357.000000 2420.000000 1477.000000 2476.000000 1560.000000 
		}
	}
	members={
		1164 1165 1166 1096 1793 2241 1466 1097 1098 1118 1119 1151 1163 2242 1168 1306 4078 4079 4080 1126 1139 1141 2257 2258 1147 2289 2290 2294 1111 1112 1113 1116 2239 1114 1117 2238 1167 1171 1172 1174 4167 4168 4169 4569 4841 4842 4843 10581 10582 10583 10584 10585 10586
	}
}
tunis={
	location=341
	color={
		146 134 57 
	}
	outgoing={
		name="sevilla"
		path={
			340 339 1301 1294 1293 
		}
		control={
			2760.000000 1581.000000 2724.000000 1587.000000 2705.000000 1611.000000 2654.000000 1605.000000 2608.000000 1586.000000 
		}
	}
	outgoing={
		name="genua"
		path={
			1302 1300 1297 
		}
		control={
			2800.000000 1616.000000 2755.000000 1640.000000 
		}
	}
	members={
		355 339 340 341 350 351 352 353 354 1882 2448 2449 2450 2451 2452 2453 2454 2455 2456 2457 2458 2472 2473 2474 2954 4566 4567
8373 8374 8375 8376 8377 8378 8379 8380 8381 8382 8383 8384 8385 8386 8387 8388 8389 8390 8391 8392 8393 8394 8395 8396 8397 8398 8399 8400 8401 8402 8403 1794 8427 8428 8429 8430 8431 8432 8433 8434 8435 9093 9094 9095 9096 9097 9098 9099 9100 9101 9102 9103 9104 9105 9106 9107
9540 9541 9542 9543 9544 9545  
	}
}
ragusa={
	location=137
	outgoing={
		name="wien"
		path={
			139 140 1767 1864 135 134 
		}
		control={
			2917.000000 1716.000000 2921.000000 1730.000000 2926.000000 1764.000000 2929.000000 1794.000000 2904.000000 1798.000000 
		}
	}
	outgoing={
		name="venice"
		path={
			136 1308 
		}
		control={
			2898.000000 1704.000000 2860.000000 1735.000000 
		}
	}
	outgoing={
		name="genua"
		path={
			1310 1311 1307 1304 1303 1298 1297 
		}
		control={
			2925.000000 1678.000000 2927.000000 1653.000000 2893.000000 1616.000000 2880.000000 1620.000000 2879.000000 1633.000000 2864.000000 1656.000000 2824.000000 1684.000000 2798.000000 1701.000000 2771.000000 1725.000000 
		}
	}
	members={
		137 138 139 140 141 142 143 144 147 1766 1767 1827 1831 1853 1954 3000 3002 3001 4173 4174 4175 4176 152 131 148 1828 136 1826 4239 145 146 163 1773 10319 10320 10321 10322 10323 10324 10325 10326 10327 10328 10329 10330 10331 10332 10333 10334 10335 10336 10337 10338 10339 10340 10341 10342 10343 10344 10345 10346 10347 10348 10349 10350 10351 10352 10353 10354 10355 10356 10357 10358 10359 10360 10361 10362 10363 10364 10365 10366 10367 10368 10369 10370 10371 10372 10373 10374 10375 10376 10377 10378 10379 10380 10381 10382 10383 10384 10385 10386 10387 10388 10389 10390 10391 10392 10393 10394 10395 10396 10397 10398 10399 10400 10401 10402 10403 10404 10405 10406 10407 10408 10409 10410 10411 10412 10413 10414 10415 10416 10417 10418 10419 10420 10421 10422 10423 10424 10425 10426 10427 10428 10429 10430 10431 10432 10433
	}
}
safi={
	location=1110
	color={
		191 110 62 
	}
	outgoing={
		name="sevilla"
		path={
			342 1293 
		}
		control={
			2512.000000 1540.000000 2535.000000 1556.000000 
		}
	}
	members={
		344 345 346 347 348 1110 1127 2460 2464 2466 2467 2468 2469 2470 342 343 349 2459 2462 2463 336 337 338 2461 2465 4564 4562 4568 4844 4845
4846 4847 4848 4849 4850 4851 4852 4853 4854 4855 8362 8363 8364 8365 8366 8367 8368 8369 8370 8371 8372 8404 8405 8406 8407 8408 8409 8410 8411 8412 8413 8414 8415 8416 8417 8418 8419 8420 8421 8422 8423 8424 8425 8426  
	}
}
krakow={
	location=262
	inland=yes
	outgoing={
		name="wien"
		path={
			154 1772 134 
		}
		control={
			2926.000000 1823.000000 2908.000000 1810.000000 
		}
	}
	outgoing={
		name="saxony"
		path={
			263 264 1763 
		}
		control={
			2923.000000 1850.000000 2900.000000 1868.000000 2871.000000 1883.000000 
		}
	}
	outgoing={
		name="baltic_sea"
		path={
			258 255 1859 43 1927 1926 
		}
		control={
			2940.000000 1863.000000 2931.000000 1881.000000 2917.729980 1901.810059 2943.000000 1939.000000 2958.000000 1962.000000 
		}
	}
	members={
		258 259 260 261 262 263 264 1940 256 257 1938 1939 254 255 2424 2959 2960 2961 2966 4238 2963 1859 4523 4524 4526 4528 4525 4527 4533 4541 
	}
}
wien={
	location=134
	color={
		220 220 220 
	}
	inland=yes
	outgoing={
		name="venice"
		path={
			132 128 1769 1308 
		}
		control={
			2877.000000 1782.000000 2861.000000 1778.000000 2845.000000 1758.000000 
		}
	}
	outgoing={
		name="rheinland"
		path={
			133 64 1757 67 66 79 1876 
		}
		control={
			2861.000000 1811.000000 2828.000000 1824.000000 2811.000000 1838.000000 2788.000000 1839.000000 
		}
	}
	outgoing={
		name="saxony"
		path={
			1770 267 266 1771 61 59 
		}
		control={
			2884.000000 1821.000000 2864.000000 1827.000000 2864.000000 1844.000000 2859.000000 1861.000000 
		}
	}
	members={
		64 65 76 128 132 133 134 154 1318 1757 1770 1772 1863 2955 2956 2957 162 155 1953 4125 68 69 1868 70 71 1872 73 110 1768 4236 135 153 1864 4126 4240 10484 10485 10486 10487 10488 10489 10490 10491 10492 10493 10494 10495 10496 10497 
	}
}
saxony={
	location=59
	color={
		36 182 69 
	}
	inland=yes
	outgoing={
		name="rheinland"
		path={
			62 63 79 81 1876 
		}
		control={
			2818.000000 1864.000000 2791.000000 1862.000000 
		}
	}
	outgoing={
		name="lubeck"
		path={
			58 52 51 46 45 
		}
		control={
			2822.000000 1882.000000 2826.000000 1893.000000 2819.000000 1904.000000 
		}
	}
	members={
		49 50 57 62 63 1758 51 60 61 267 1759 1763 1771 52 58 59 2964 2965 2967 2971 2969 265 266 2968 2970 4237 10498 10499 10500 10501 10502 10503 
	}
}
baltic_sea={
	location=1926
	color={
		8 82 165 
	}
	outgoing={
		name="lubeck"
		path={
			1255 1257 45 
		}
		control={
			2916.000000 1997.000000 2896.000000 1955.000000 2850.000000 1943.000000 2825.000000 1927.000000 
		}
	}
	members={
		1926 1 2 3 4 5 1985 8 9 10 11 18 19 25 27 28 29 31 35 37 38 39 40 271 273 1930 1935 1936 41 42 43 1841 767 2958 2997 4113 4114 4123 4152 4166 270 36 1834 1842 4241 4534 5124 5125 5126 5127 5128 5129 5130 5131 5132 5133 5134 5135 4124 4151 8436 8437 8438 8439 8440 8441 8442 8443 8444 8445 8446 8447 8448 8449 8450 8451 8452 8453 8454 8455 8456 8457 9601 9602 9603 9604 9605 9606 9607 9608 9609 9610
9611 9612 9613 9614 9615 9616 9617 9618 9619 9620 9621 9622 9623 9624 9625 9626 9627 9628 9629 9630 9631 9632 9633 9634 9635 9636 9637 9638 9639 9640 9641 9642 9643 9644 9645 9646 9647 9648 9649 9650 9651 9652 9653 9654 9655 9656 9657 9658 9659 9660 9661 9662 9663 9664 9665 9666 9667 9668 9669 9670 9671 9672 9673 9674 9675 9676 9677 9678 9679 9680 9681 9682 9683 9684 9685 9686 9687 9688 9689 9690 9691 9692 9693 9694 9695 9696 9697 9698 9699 9700 9701
	}
}
rheinland={
	location=1876
	color={
		114 171 184 
	}
	inland=yes
	outgoing={
		name="champagne"
		path={
			83 1760 80 188 187 186 
		}
		control={
			2756.000000 1849.000000 2743.000000 1838.000000 2721.000000 1823.000000 
		}
	}
	outgoing={
		name="lubeck"
		path={
			1762 57 53 1857 45 
		}
		control={
			2774.000000 1858.000000 2785.000000 1871.000000 2798.000000 1890.000000 2801.000000 1908.000000 
		}
	}
	members={
		56 72 74 75 77 78 79 80 81 82 83 84 85 86 1760 1761 1869 1870 1876 1878 1880 2973 2975 166 1873 2972 1762 66 67 
	}
}
panama={
	location=835
	outgoing={
		name="carribean_trade"
		path={
			1515 1517 1516 
		}
		control={
			1395.000000 1180.000000 1414.000000 1237.000000 
		}
	}
	members={
		840 2637 2640 2662 837 838 2660 2661 2663 826 835 836 2664 2819 828 2806 824 825 827 832 2817 2812 2814 2815 822 823 2816 2818 4605 4604 4607 4608 4603 4600 4601 4602 4599 4596 4595 4597 4592 4593 829 4810 4811 4812 4813 4814 4815 4816 4817 4818 4819 4820 4821 4822 4823 4824 4825
4826 4827 4828 4829 4830 4831 4832 4833 4834 4835 4836 4837 4838 4839 4840 9782 9783 9784 9785 9786 9787 9788 9789 9790 9791 9792 9793 9794 9850 9851 9852 9853 9854 9855 9856 9857 9858 9859 9860 9861 9862 9863 9864 9865 9866 9867 9868 9869 10038 10039 10040 10041 10042 10043 10044 10045 10046 10047 10048 10049 
	}
}
carribean_trade={
	location=1516
	outgoing={
		name="chesapeake_bay"
		path={
			1524 1503 1502 1501 1500 
		}
		control={
			1484.000000 1330.000000 1448.000000 1367.000000 1430.000000 1403.000000 1435.000000 1434.000000 1399.000000 1506.000000 1471.000000 1568.000000 1492.000000 1608.000000 
		}
	}
	outgoing={
		name="bordeaux"
		path={
			488 490 1526 1575 1583 1580 1567 1563 
		}
		control={
			1546.000000 1279.000000 1633.000000 1346.000000 1839.000000 1524.000000 2173.000000 1684.000000 
		}
	}
	outgoing={
		name="sevilla"
		path={
			488 490 1526 1575 1583 1580 1567 1563 
		}
		control={
			1548.000000 1263.000000 1679.000000 1321.000000 1899.949951 1502.949951 2203.000000 1624.000000 
		}
	}
	members={
		927 928 2534 926 2535 2536 484 485 2656 486 2654 2655 488 489 490 2658 2659 487 481 491 492 482 483 493 494 495 496 1881 497 498 499 500 501 830 2807 2813 741 831 2808 834 2805 2809 2810 2939 1516 4626 4625 4624 4622 4623 4619 4618 4620 4621 4616 4615 4612 4613 4609 4611 4614 4610 6842 6843 6844 6845 6846 6847 6848 6849 6850 6851 6852 6853 6854 6855 6856 6857 6858 6859 6860 6861 6862 6863 6864 6865 6866 6867 6867 6868 6869 6870 6871 6872 6873 6874 6875 6876 6877 6878 6879 8253 8254 8255 8256 8257 8258 8259 8260 8261 8262 8263 8264 8265 8266 8267 8268 8269 8270 8271 8272 8273 8274 8275 8276 8277 8278 8279 8280 8281 8282 8283 8284 8285 8286 8287 8288 8289 8290 8291 8292 8293 8294 8295 8296 8297 8298 8299 8300 8301 8302 8303 8304 8305 8306 8307 8308 8309 8310 8311 8312 8313 8314 8315 8316 8317 8318 8319 8320 8321 8322
8323 8324 8325 8326 8327 8328 8329 8330 8331 8332 8333 8334 8335 8336 8337 8338 8339 8340 8341 8342 8343 8344 8345 8346 8347 8348 8349 8350 10698 10699 10700 10701 10702 10703 10704 10705 10736 10737 10738 10739 10740 10741 10742 10743 10744 10745 10746 10747 10748 10749 10750 10751 10752 10753 10754 10755 10756 10757 10758 10759 10760 10761 10762 10763 10764 10765 10766 10767 10768 10769 10770 10771 10772 10773 10774
	}
}
chesapeake_bay={
	location=1500
	color={
		193 26 14 
	}
	outgoing={
		name="st_lawrence"
		path={
			965 963 969 2012 986 1490 
		}
		control={
			1546.000000 1677.000000 1615.000000 1712.000000 1703.000000 1761.000000 
		}
	}
	outgoing={
		name="english_channel"
		path={
			1570 1572 1582 1568 1564 1563 
		}
		control={
			1652.000000 1513.000000 2108.000000 1684.000000 2427.000000 1770.000000 2543.000000 1824.000000 2599.000000 1837.000000 2665.000000 1862.000000 2692.000000 1878.000000 
		}
	}
	members={
		1500 930 931 2537 2538 929 2539 2540 932 933 2541 2542 2543 937 2544 2545 938 2546 2547 935 936 2548 949 2011 2552 950 952 2549 2550 953 2553 2554 955 956 957 962 2023 963 965 2558 2639 967 2010 2560 966 968 2561 970 2562 2564 5978 5979 5980 5981 5982 5983 5984 5996 5997 5998 5999 6000 6001 6002 6003 6004 6005 6006 6007 6008 6009 6010 6011 6012 6013 6017 6018 6019 6020 6021 6022 6023 6024 6025 6026 6027 6049 6050 6051 6052 6053
6054 6055 6056 6057 6058 6059 6060 6061 6062 6063 6064 6065 6066 6067 6068 6069 6070 6071 6072 6073 6074 6075 6076 6077 6078 6079 6080 6081 6082 6107 6108 6109 6110 6111 6112 6113 6114 6115 6116 6117 6118 6119 6120 6121 6122 6123 6124 6125 6126 6127 6128 6129 6130 6131 6132 6133 6134 6135 6136 6137 6138 6139 6140 6141 6142 6143 6144 6145 6146 6147 6148 6149 6150 6151 6152 6153 6154 6155 6156 6157 6158 6159 6160 6161 6162 6163 6164 6165 6166 6167 6168 6169 6170 6171 6172 6173 6174 6175 6176 6177 6178 6179 6180 6181 6182 6183 6184 6185 6186 6535 6535 6536 6537 6538 6539 6540 6541 6542 6543 6544 6545 6546 6547 6548 6549 6550 6551 6552 6553 6554 6555 6556 6557 6558 6559 6560 6561 6562 6563 6564 6565 6566 6567 6568 6569 6570 6571 6572 6573 6574 6575 6576 6577 6578 6579 6580 6581 6582 6583 6584 6585 6586 6587 6588 6589 6590 6591 6592 6593 6594 6595 6596 6597 6598 6599 6600 6601 6602 6603 6604 6605 6606 6607 6608 6609 6610 6611 6612 6613 6614 6615 6616 6617 6618 6619 6620
6621 6622 6623 6624 6625 6626 6627 6628 6629 6630 6631 6632 6633 6634 6635 6636 6637 6638 6681 6682 6683 6684 6685 6686 6687 6688 6689 6690
6691 6692 6693 6694 6695 6696 6697 6698 6699 6700 6701 6702 6703 6704 6705 6706 6707 6708 6709 6710 6711 6712 6713 6714 6715 6716 6717 6718 6719 6720 6721 6722 6723 6724 6725 6726 6727 6728 6729 6730 6731 6732 6733 6734 6735 6736 6737 6738 6739 6740 6741 6742 6743 6744 6745 6746 6747 6748 6749 6750 6751 6752 6753 6754 6755 6756 6757 6758 6759 6760 6761 6762 6763 6764 6765 6766 6767 6768 6769 6770 6771 6772 6773 6774 6775 6776 6777 6778 6779 6780 6781 6782 6783 6784 6785
	}
}
james_bay={
	location=1486
	color={
		97 220 117 
	}
	outgoing={
		name="st_lawrence"
		path={
			1000 1002 992 993 990 994 1490 
		}
		control={
			1392.000000 1892.000000 1413.000000 1819.000000 1438.000000 1764.000000 1477.000000 1766.000000 1501.000000 1778.000000 1527.000000 1790.000000 1558.000000 1817.000000 1597.000000 1833.000000 1626.000000 1835.000000 
		}
	}
	members={
		1486 998 999 1000 1003 1004 1005 1006 1008 1009 1010 1011 1805 1806 1807 1811 1812 1813 2004 2005 2016 2017 2018 2589 2590 2591 2592 2593 2594 2595 2596 2597 2598 2599 2600 2601 2602 2603 2511 1812 2588 1002 2006 2501 2502 2503 2510 4667 4671 4672 4673 4674 4675 4676 4677 4678 909 4146 4178 4179
4679 4680 4681 4682 4683 4684 4685 4686 4687 4688 4689 4690 4691 4692 4693 4694 4695 4696 4697 4698 4699 4700 4701 4702 4703 4704 4705 4706 4707 4708
4709 4710 4711 4712 4713 4714 4715 4716 4717 4718 4719 4720 4721 4722 4723 4724 4725 4729 4730 4731 4732 4752 4753 4754 4775 7298 7299 7300
7301 7302 7303 7304 7305 7306 7307 7308 7309 7310 7311 7312 7313 7314 7315 7316 7317 7318 7319 7320 7321 7322 7323 7324 7325 7326 7327 7328 7329 7330 7331 7332 7333 7334 7335 7336 7337 7338 7339 7340 7341 7342 7343 7344 7345 7346 7347 7348 7349 7350 7396 7397 7398 7399 7400 7401 7402 7403 7404 7405 7406 7407 7408 7409 7410 7411 7412 7413 7414 7415 7416 7417 7418 7419 7420 7421 7422 7423 7424 7425 7426 7427 7428 7429 7430 7431 7432 7433 7434 7435 7436 7437 7438 7439 7440 7441 7442 7443 7444 7445 
	}
}
st_lawrence={
	location=1490
	color={
		193 192 14 
	}
	outgoing={
		name="north_sea"
		path={
			1493 1496 1497 1498 1478 1476 1282 1975 
		}
		control={
			1763.000000 1876.000000 2097.000000 1994.000000 2302.000000 2052.000000 2545.000000 2057.000000 2625.000000 2012.000000 
		}
	}
	outgoing={
		name="bordeaux"
		path={
			1491 1494 1495 1565 1564 1479 1563 
		}
		control={
			1726.000000 1778.000000 1804.000000 1767.000000 2040.000000 1817.000000 2400.000000 1805.000000 
		}
	}
	members={
		996 2576 2577 2578 986 994 995 2582 2583 990 993 2584 2012 971 2013 2565 2566 2567 985 2570 2571 2572 980 981 2573 997 2574 2575 992 2579 2580 2581 969 2559 2563 982 983 984 2568 2569 1104 1105 1490 4755 4756 4757 4758 4759 4760 4761 4762 4763 4764 4765 4766 4767 4768 4769 4770 4771 4772 4773 4774 4776 4777 4778 4779 4780 4781 4782 4783 4784 4785 4786 4787 4788 4789 4790 4791 4792 4793 4794 4795 4796 4797 4798 4799 4800 4801 5967 5968 5969 5970 5971 5972 5973 5974 5975 5976 5977 5985 5986 5987 5988 5989 5990 5991 5992 5993 5994 5995 
4802 4803 4804 4805 4806 4807 4808 4809 9549 9550 9551 9552 1804
	}
}
white_sea={
	location=1652
	color={
		210 46 28 
	}
	outgoing={
		name="north_sea"
		path={
			1263 1264 1265 1929 1266 1975 
		}
		control={
			3283.000000 2213.000000 3047.000000 2298.000000 2865.000000 2257.000000 2797.000000 2167.000000 2701.000000 2096.000000 
		}
	}
	members={
		1652 1777 1963 2425 1077 1755 1963 1964 4129 1955 4122 4256 4257 313 1776 1958 4258 314 4262 4263 4864 4865 4866 4867
4868 4869 4870 4871 4872 4873 4874 4875 4876 4877 4878 4879 4891 4892 4893 4894 4895 4896 4897 4898 4899 4900 4901 4904 4905 4906 4907 4908 4909 4156 9964
4910 4911 4912 4913 4914 4915 4916 4917 4918 4919 4920 4921 4922 4923 4924 4925 4926 4927 4928 4977 4978 5529 5530 5531 5532 5533 9965
5650 
	}
}
north_sea={
	location=1975
	color={
		117 165 188 
	}
	outgoing={
		name="english_channel"
		path={
			1270 236 
		}
		control={
			2686.000000 1921.000000 
		}
	}
	outgoing={
		name="lubeck"
		path={
			1266 1267 1259 1258 45 
		}
		control={
			2806.000000 1997.000000 2805.000000 1953.000000 2808.000000 1943.000000 2807.000000 1934.000000 2815.000000 1928.000000 
		}
	}
	members={
		1975 1266 1280 1281 1282 1929 4153 248 249 251 246 247 4361 4362 253 4364 4365 250 252 369 4110 4363 375 376 4119 373 374 315 4120 4379 372 4121 4380 4118 4377 4378 20 21 1978 1979 370 371 23 24 2752 4145 4858 4859 4860 4861 4862 4863 9136 9137 9138 9139 9140 9141 9142 9143 9144 9145 9146 9147 9148 9149 9150 9151 9152 9153 9154 9155 9156 9157 9158 9159 9160 9161 9162 9163 9164 9165 9166 9167 9168 9169 9170 9171 9172 9173 9174 9175 9176 9177 9178 9179 9180 9181 9182 9183 9184 9185 9186 9187 9188 9189 9190 9191 9192 9193 9194 9195 9196 9197 9198 9199 9200 9201 9202 9203 9204 9205 9206 9207 9208 9209 9210 9211 9212 9213 9214 9215 9216
	}
}
lubeck={
	location=45
	color={
		190 70 70 
	}
	outgoing={
		name="english_channel"
		path={
			1857 44 1268 1269 1744 
		}
		control={
			2797.000000 1910.000000 2782.000000 1915.000000 2770.000000 1918.000000 2732.000000 1919.000000 2700.000000 1899.000000 
		}
	}
	members={
		6 12 13 14 15 16 17 22 26 44 45 46 47 48 53 54 55 1775 1857 1874 1858 1981 1982 1983 1984 7 2993 2994 2995 2996 4141 4142 4143 4144 4149 4163 4164 4165 9108 9109 9110 9111 9112 9113 9114 9115 9116 9117 9118 9119 9120 9121 9122 9123 9124 9125 9126 9127 9128 9129 9130 9131 9132 9133 9134 9135 9553 9554 9555 9556 9557 9558 9559 9560 9561 9562 9563 9564 9565 9566 9567 9568 9569 9570 9571 9572 9573 9574 9575 9576 9577 9578 9579 9580 9581 9582 9583 9584 9585 9586 9587 9588 9589 9590 9591 9592 9593 9594 9595 9596 9597 9598 9599 9600
	}
}
bordeaux={
	location=1276
	color={
		36 132 247 
	}
	outgoing={
		name="champagne"
		path={
			1275 172 178 184 185 
		}
		control={
			2590.000000 1777.000000 2610.000000 1790.000000 2631.000000 1786.000000 2659.000000 1794.000000 
		}
	}
	members={
		1276 190 195 199 169 170 171 172 4384 194 198 4112 180 4111 4386 4387 173 209 210 174 175 176 2989 10666 10667 10668 10669 10670 10671 10672
	}
}
sevilla={
	location=1293
	color={
		57 160 101 
	}
	outgoing={
		name="genua"
		path={
			223 222 221 1295 1296 1297 
		}
		control={
			2575.000000 1594.000000 2611.000000 1598.000000 2636.000000 1615.000000 2661.000000 1661.000000 2695.000000 1691.000000 
		}
	}
	members={
		206 207 208 1746 215 216 231 232 1293 217 218 219 221 222 223 224 225 226 227 228 229 230 334 335 367 1745 1747 1748 1749 1751 1851 2754 2755 2751 4150 4546 4547 4548 4551 4552 4553 4554 4555 4556 4558 4561 4563 368 366 4565 4856 4857 10684 10685 10686 10687 10688 10689 10690 10691 10692 10693 10694 10695 10696
	}
}
champagne={
	location=186
	color={
		193 26 14 
	}
	inland=yes
	outgoing={
		name="genua"
		path={
			187 193 203 204 201 1297 
		}
		control={
			2710.000000 1798.000000 2717.000000 1782.000000 2713.000000 1766.000000 2715.000000 1746.000000 2712.000000 1720.000000 2719.000000 1706.000000 
		}
	}
	outgoing={
		name="english_channel"
		path={
			181 1866 92 1744 1269 
		}
		control={
			2694.000000 1835.000000 2685.000000 1853.000000 2703.000000 1867.000000 
		}
	}
	members={
		182 183 185 4388 177 178 179 184 4389 181 186 4390 187 188 189 165 1867 1871 91 92 93 94 1866 1742 2974 191 192 193 1877 4392 10655 10656 10657 10658 10659 10660 10661 10662 10663 10664 10665 
	}
}
genua={
	location=1297
	color={
		218 215 56 
	}
	members={
		1297 196 200 2753 4391 124 125 126 2982 115 116 117 2978 2980 118 121 2983 123 1934 2984 101 102 2992 103 1875 2979 2981 127 1247 2986 201 202 2991 203 204 205 197 212 213 2987 220 333 1750 2988 211 214 2990 4549 4550 4557 4559 4560 10673 10674 
10675 10676 10677 10678 10679 10680 10681 10682 10683 10697
	}
	end=yes
}
venice={
	location=1308
	color={
		54 167 156 
	}
	members={
		1308 129 130 1769 108 111 112 1774 105 106 113 114 119 120 2976 2977 122 1933 2985 104 107 109 1862 10309 10310 10311 10312 10313 10314 10315 10316 10317 10318 
	}
	end=yes
}
english_channel={
	location=1269
	color={
		220 138 57 
	}
	members={
		1269 1269 1270 1271 167 168 1879 4385 87 88 89 1743 241 242 4366 4369 245 4367 4368 239 240 244 4372 4375 243 1860 1861 4370 4376 233 234 4130 4373 4374 235 236 237 238 4371 95 98 99 1742 2974 96 97 4383 100 1931 4381 4382 90 1744 1865 10008 10009 10010 10011 10012 10013 10014 10015 10016 10017 10018 10019 10020 10021 10022 10023 10024 10025 10026 10027 10654  
	}
	end=yes
}
